1;401;1.000000;1.000000;9.810000;2.735989;-0.006958;1;1.950000;3.100000
2;401;1.000000;1.000000;9.810000;2.894217;-0.006648;1;2.600000;2.950000
3;401;1.000000;1.000000;9.810000;4.594696;-0.001664;1;1.000000;4.750000
4;401;1.000000;1.000000;9.810000;6.165645;0.005506;1;1.000000;4.500000
5;401;1.000000;1.000000;9.810000;4.139892;0.000575;1;0.100000;1.050000
6;401;1.000000;1.000000;9.810000;2.560017;-0.001098;1;2.200000;5.000000
7;401;1.000000;1.000000;9.810000;1.008770;0.006864;1;0.750000;0.900000
8;401;1.000000;1.000000;9.810000;3.101038;0.007060;1;2.000000;3.900000
9;401;1.000000;1.000000;9.810000;5.685452;-0.000388;1;1.900000;4.750000
10;401;1.000000;1.000000;9.810000;1.535783;-0.002961;1;1.200000;4.100000
11;401;1.000000;1.000000;9.810000;3.065126;-0.005481;1;1.750000;4.000000
12;401;1.000000;1.000000;9.810000;5.521186;-0.006266;1;1.500000;4.950000
13;401;1.000000;1.000000;9.810000;3.441660;-0.009642;1;1.900000;3.500000
14;401;1.000000;1.000000;9.810000;5.805738;-0.006089;1;0.950000;2.250000
15;401;1.000000;1.000000;9.810000;5.489622;0.003310;1;4.100000;4.850000
16;401;1.000000;1.000000;9.810000;0.974012;-0.000963;1;3.200000;4.950000
17;401;1.000000;1.000000;9.810000;4.099055;0.005224;1;0.100000;4.250000
18;401;1.000000;1.000000;9.810000;6.229233;-0.004210;1;1.050000;4.500000
19;401;1.000000;1.000000;9.810000;1.779173;0.009936;1;0.150000;1.750000
20;401;1.000000;1.000000;9.810000;0.927836;-0.006508;1;0.500000;4.600000
21;401;1.000000;1.000000;9.810000;4.665787;-0.008992;1;4.600000;4.850000
22;401;1.000000;1.000000;9.810000;5.036822;0.001424;1;3.600000;4.350000
23;401;1.000000;1.000000;9.810000;1.981825;0.009078;1;0.450000;2.750000
24;401;1.000000;1.000000;9.810000;5.804558;-0.005165;1;0.650000;3.650000
25;401;1.000000;1.000000;9.810000;3.832600;-0.002108;1;2.550000;2.700000
26;401;1.000000;1.000000;9.810000;4.268628;0.006394;1;0.700000;2.750000
27;401;1.000000;1.000000;9.810000;4.997742;0.006837;1;1.600000;4.450000
28;401;1.000000;1.000000;9.810000;5.956557;-0.003747;1;1.450000;4.000000
29;401;1.000000;1.000000;9.810000;5.038719;0.006190;1;0.200000;1.800000
30;401;1.000000;1.000000;9.810000;2.169767;-0.003672;1;0.400000;2.900000
31;401;1.000000;1.000000;9.810000;1.543337;-0.003958;1;0.200000;4.100000
32;401;1.000000;1.000000;9.810000;2.756091;0.005599;1;0.600000;0.650000
33;401;1.000000;1.000000;9.810000;6.191794;0.000392;1;0.650000;2.700000
34;401;1.000000;1.000000;9.810000;1.834098;0.001078;1;0.300000;3.850000
35;401;1.000000;1.000000;9.810000;3.175340;-0.006129;1;4.000000;4.750000
36;401;1.000000;1.000000;9.810000;4.061330;0.009264;1;2.950000;4.950000
37;401;1.000000;1.000000;9.810000;5.885403;-0.003765;1;2.650000;4.650000
38;401;1.000000;1.000000;9.810000;4.744515;-0.007699;1;0.000000;3.600000
39;401;1.000000;1.000000;9.810000;3.436286;-0.007490;1;1.300000;2.750000
40;401;1.000000;1.000000;9.810000;1.005018;-0.009415;1;2.300000;4.100000
41;401;1.000000;1.000000;9.810000;4.661226;-0.008030;1;0.000000;2.700000
42;401;1.000000;1.000000;9.810000;5.293168;0.005097;1;0.700000;1.800000
43;401;1.000000;1.000000;9.810000;1.081281;0.001625;1;2.850000;2.950000
44;401;1.000000;1.000000;9.810000;4.710237;0.002406;1;0.400000;4.300000
45;401;1.000000;1.000000;9.810000;1.321992;-0.009203;1;4.550000;4.750000
46;401;1.000000;1.000000;9.810000;5.011078;-0.003653;1;1.250000;3.150000
47;401;1.000000;1.000000;9.810000;4.474732;0.000694;1;2.050000;3.100000
48;401;1.000000;1.000000;9.810000;5.231317;0.008637;1;3.300000;4.700000
49;401;1.000000;1.000000;9.810000;2.276335;-0.009845;1;2.500000;4.450000
50;401;1.000000;1.000000;9.810000;4.967263;-0.004170;1;0.600000;1.200000
51;401;1.000000;1.000000;9.810000;1.816729;0.007076;1;0.750000;0.850000
52;401;1.000000;1.000000;9.810000;4.780203;0.004549;1;3.200000;4.900000
53;401;1.000000;1.000000;9.810000;2.552819;-0.001578;1;1.950000;3.050000
54;401;1.000000;1.000000;9.810000;0.637895;-0.004924;1;0.800000;2.450000
55;401;1.000000;1.000000;9.810000;0.541393;-0.009854;1;3.000000;4.150000
56;401;1.000000;1.000000;9.810000;4.622884;0.002123;1;2.250000;2.700000
57;401;1.000000;1.000000;9.810000;4.561532;-0.007009;1;1.950000;4.850000
58;401;1.000000;1.000000;9.810000;2.182927;0.006470;1;2.200000;3.300000
59;401;1.000000;1.000000;9.810000;5.274117;0.005572;1;1.500000;4.550000
60;401;1.000000;1.000000;9.810000;3.770369;-0.003868;1;1.850000;3.850000
61;401;1.000000;1.000000;9.810000;3.092323;-0.000440;1;2.500000;3.900000
62;401;1.000000;1.000000;9.810000;5.660189;0.008846;1;1.850000;3.000000
63;401;1.000000;1.000000;9.810000;3.296497;-0.004176;1;0.700000;3.400000
64;401;1.000000;1.000000;9.810000;3.299526;-0.002569;1;0.800000;4.650000
65;401;1.000000;1.000000;9.810000;5.756802;0.004109;1;3.950000;4.050000
66;401;1.000000;1.000000;9.810000;1.281449;-0.006409;1;0.900000;1.150000
67;401;1.000000;1.000000;9.810000;4.557548;-0.005399;1;0.550000;3.300000
68;401;1.000000;1.000000;9.810000;0.628563;-0.004005;1;3.550000;3.900000
69;401;1.000000;1.000000;9.810000;4.867207;-0.003273;1;0.350000;1.750000
70;401;1.000000;1.000000;9.810000;3.872468;0.004942;1;0.350000;0.850000
71;401;1.000000;1.000000;9.810000;5.150817;0.004031;1;1.250000;2.050000
72;401;1.000000;1.000000;9.810000;3.720202;0.003735;1;0.200000;3.000000
73;401;1.000000;1.000000;9.810000;4.791720;-0.007875;1;0.600000;1.600000
74;401;1.000000;1.000000;9.810000;2.997391;-0.007709;1;3.050000;4.100000
75;401;1.000000;1.000000;9.810000;3.690316;0.000440;1;1.950000;2.900000
76;401;1.000000;1.000000;9.810000;5.701116;0.002544;1;1.950000;2.050000
77;401;1.000000;1.000000;9.810000;4.049280;0.007414;1;1.250000;3.200000
78;401;1.000000;1.000000;9.810000;4.152331;-0.000671;1;1.750000;3.950000
79;401;1.000000;1.000000;9.810000;5.433093;-0.006175;1;1.550000;2.050000
80;401;1.000000;1.000000;9.810000;1.687576;0.009787;1;0.800000;3.550000
81;401;1.000000;1.000000;9.810000;2.425245;0.004511;1;1.600000;4.950000
82;401;1.000000;1.000000;9.810000;0.869434;-0.004432;1;4.650000;4.700000
83;401;1.000000;1.000000;9.810000;4.221115;-0.008588;1;2.950000;4.900000
84;401;1.000000;1.000000;9.810000;5.480137;0.002780;1;0.950000;1.250000
85;401;1.000000;1.000000;9.810000;3.323379;-0.000674;1;0.800000;1.400000
86;401;1.000000;1.000000;9.810000;4.408781;-0.004283;1;3.050000;4.300000
87;401;1.000000;1.000000;9.810000;3.962076;-0.008172;1;0.800000;4.450000
88;401;1.000000;1.000000;9.810000;5.255955;-0.004075;1;1.700000;2.350000
89;401;1.000000;1.000000;9.810000;0.085325;-0.005408;1;0.550000;5.000000
90;401;1.000000;1.000000;9.810000;4.343956;-0.009115;1;0.200000;0.500000
91;401;1.000000;1.000000;9.810000;0.851955;-0.009844;1;1.100000;4.100000
92;401;1.000000;1.000000;9.810000;2.175077;0.006048;1;1.200000;4.950000
93;401;1.000000;1.000000;9.810000;3.600610;-0.006794;1;1.650000;3.950000
94;401;1.000000;1.000000;9.810000;4.968484;0.006386;1;3.850000;4.150000
95;401;1.000000;1.000000;9.810000;2.327253;-0.008219;1;2.050000;3.000000
96;401;1.000000;1.000000;9.810000;3.037786;0.000802;1;0.400000;1.600000
97;401;1.000000;1.000000;9.810000;0.523112;0.009402;1;0.350000;1.750000
98;401;1.000000;1.000000;9.810000;1.700536;-0.009940;1;0.800000;4.400000
99;401;1.000000;1.000000;9.810000;1.674901;0.005656;1;3.500000;4.950000
100;401;1.000000;1.000000;9.810000;5.781848;0.007581;1;0.650000;2.750000
