0.000;2.750156;0.283349;-0.924362;0.381516;0.000000
0.050;2.778359;0.564050;-0.934753;0.355299;0.000000
0.100;2.819632;0.825461;-0.948617;0.316427;0.000000
0.150;2.872545;1.058273;-0.964025;0.265813;0.000000
0.200;2.935238;1.253844;-0.978784;0.204893;0.000000
0.250;3.005467;1.404595;-0.990749;0.135705;0.000000
0.300;3.080689;1.504440;-0.998146;0.060865;0.000000
0.350;3.158150;1.549222;-0.999863;-0.016557;0.000000
0.400;3.235003;1.537040;-0.995640;-0.093274;0.000000
0.450;3.308423;1.468413;-0.986116;-0.166058;0.000000
0.500;3.375735;1.346236;-0.972714;-0.232009;0.000000
0.550;3.434512;1.175536;-0.957405;-0.288748;0.000000
0.600;3.482666;0.963089;-0.942396;-0.334499;0.000000
0.650;3.518515;0.716981;-0.929802;-0.368061;0.000000
0.700;3.540824;0.446181;-0.921360;-0.388711;0.000000
0.750;3.548834;0.160187;-0.918217;-0.396078;0.000000
0.800;3.542272;-0.131227;-0.920796;-0.390044;0.000000
0.850;3.521362;-0.418202;-0.928750;-0.370706;0.000000
0.900;3.486815;-0.690950;-0.941000;-0.338406;0.000000
0.950;3.439818;-0.939932;-0.955859;-0.293825;0.000000
1.000;3.382012;-1.156113;-0.971238;-0.238110;0.000000
1.050;3.315447;-1.331303;-0.984925;-0.172980;0.000000
1.100;3.242519;-1.458573;-0.994911;-0.100755;0.000000
1.150;3.165884;-1.532703;-0.999705;-0.024289;0.000000
1.200;3.088355;-1.550574;-0.998583;0.053213;0.000000
1.250;3.012784;-1.511423;-0.991716;0.128453;0.000000
1.300;2.941938;-1.416913;-0.980135;0.198331;0.000000
1.350;2.878388;-1.270991;-0.965561;0.260176;0.000000
1.400;2.824410;-1.079567;-0.950118;0.311891;0.000000
1.450;2.781905;-0.850093;-0.936007;0.351981;0.000000
1.500;2.752349;-0.591123;-0.925196;0.379488;0.000000
1.550;2.736754;-0.311914;-0.919166;0.393871;0.000000
1.600;2.735647;-0.022124;-0.918730;0.394887;0.000000
1.650;2.749068;0.268414;-0.923946;0.382522;0.000000
1.700;2.776561;0.549855;-0.934112;0.356979;0.000000
1.750;2.817186;0.812502;-0.947840;0.318746;0.000000
1.800;2.869537;1.047020;-0.963221;0.268712;0.000000
1.850;2.931773;1.244725;-0.978069;0.208283;0.000000
1.900;3.001672;1.397969;-0.990227;0.139465;0.000000
1.950;3.076695;1.500474;-0.997895;0.064852;-0.000710
2.000;3.154089;1.547862;-0.999922;-0.012496;-0.002177
2.050;3.230985;1.537919;-0.996007;-0.089273;-0.004998
2.100;3.304529;1.470903;-0.986755;-0.162217;-0.008890
2.150;3.372040;1.350215;-0.973564;-0.228413;-0.008911
2.200;3.431215;1.183499;-0.958352;-0.285591;0.008928
2.250;3.479874;0.973181;-0.943326;-0.331867;-0.001299
2.300;3.516316;0.728824;-0.930609;-0.366015;-0.001238
2.350;3.539367;0.461025;-0.921925;-0.387367;0.009974
2.400;3.548184;0.176347;-0.918474;-0.395481;0.002183
2.450;3.542485;-0.113984;-0.920713;-0.390240;0.004296
2.500;3.522414;-0.401411;-0.928360;-0.371683;-0.002057
2.550;3.488692;-0.674438;-0.940363;-0.340172;0.002927
2.600;3.442398;-0.925886;-0.955098;-0.296290;-0.007775
2.650;3.385131;-1.145340;-0.970491;-0.241138;-0.009722
2.700;3.318987;-1.322881;-0.984307;-0.176466;-0.000827
2.750;3.246309;-1.453554;-0.994522;-0.104525;-0.005591
2.800;3.169746;-1.531263;-0.999604;-0.028150;-0.005360
2.850;3.092206;-1.550805;-0.998781;0.049367;0.007793
2.900;3.016510;-1.513913;-0.992187;0.124756;0.003804
2.950;2.945380;-1.422606;-0.980812;0.194956;-0.003217
3.000;2.881458;-1.278445;-0.966355;0.257211;0.004815
3.050;2.826966;-1.089847;-0.950912;0.309462;-0.004298
3.100;2.783907;-0.861169;-0.936710;0.350107;0.006605
3.150;2.753728;-0.603578;-0.925719;0.378212;0.000000
3.200;2.737463;-0.325308;-0.919445;0.393219;0.000000
3.250;2.735663;-0.035997;-0.918736;0.394873;0.000000
3.300;2.748389;0.254531;-0.923686;0.383149;0.000000
3.350;2.775211;0.536433;-0.933630;0.358240;0.000000
3.400;2.815211;0.800007;-0.947209;0.320617;0.000000
3.450;2.867007;1.035902;-0.962537;0.271149;0.000000
3.500;2.928777;1.235399;-0.977440;0.211213;0.000000
3.550;2.998316;1.390800;-0.989753;0.142787;0.000000
3.600;3.073109;1.495855;-0.997656;0.068430;0.000000
3.650;3.150419;1.546202;-0.999961;-0.008826;0.000000
3.700;3.227405;1.539708;-0.996320;-0.085707;0.000000
3.750;3.301237;1.476649;-0.987284;-0.158967;0.000000
3.800;3.369222;1.359689;-0.974204;-0.225668;0.000000
3.850;3.428904;1.193654;-0.959009;-0.283375;0.000000
3.900;3.478162;0.985161;-0.943893;-0.330251;0.000000
3.950;3.515271;0.742178;-0.930991;-0.365043;0.000000
4.000;3.538951;0.473598;-0.922086;-0.386984;0.000000
4.050;3.548395;0.188875;-0.918391;-0.395675;0.000000
4.100;3.543283;-0.102243;-0.920402;-0.390974;0.000000
4.150;3.523788;-0.389902;-0.927848;-0.372958;0.000000
4.200;3.490572;-0.664306;-0.939722;-0.341939;0.000000
4.250;3.444778;-0.915888;-0.954390;-0.298562;0.000000
4.300;3.388000;-1.135555;-0.969795;-0.243922;0.000000
4.350;3.322249;-1.315020;-0.983726;-0.179675;0.000000
4.400;3.249888;-1.447216;-0.994142;-0.108084;0.000000
4.450;3.173551;-1.526739;-0.999489;-0.031953;0.000000
4.500;3.096039;-1.550249;-0.998963;0.045538;0.000000
4.550;3.020202;-1.516744;-0.992641;0.121093;0.000000
4.600;2.948819;-1.427650;-0.981477;0.191582;0.000000
4.650;2.884485;-1.286694;-0.967129;0.254285;0.000000
4.700;2.829504;-1.099604;-0.951694;0.307047;0.000000
4.750;2.785820;-0.873694;-0.937378;0.348315;0.000000
4.800;2.754949;-0.617422;-0.926180;0.377082;0.000000
4.850;2.737949;-0.339983;-0.919636;0.392771;0.000000
4.900;2.735399;-0.051002;-0.918632;0.395115;0.000000
4.950;2.747385;0.239704;-0.923301;0.384077;0.000000
5.000;2.773499;0.522289;-0.933015;0.359837;0.000000
5.050;2.812851;0.787040;-0.946449;0.322852;0.000000
5.100;2.864080;1.024578;-0.961740;0.273964;0.000000
5.150;2.925387;1.226147;-0.976719;0.214525;0.000000
5.200;2.994586;1.383984;-0.989214;0.146477;0.000000
5.250;3.069174;1.491755;-0.997379;0.072355;0.000000
5.300;3.146424;1.544990;-0.999988;-0.004831;0.000000
5.350;3.223496;1.541436;-0.996648;-0.081811;0.000000
5.400;3.297558;1.481243;-0.987862;-0.155333;0.000000
5.450;3.365905;1.366956;-0.974947;-0.222436;0.000000
5.500;3.426070;1.203299;-0.959808;-0.280656;0.000000
5.550;3.475911;0.996806;-0.944634;-0.328125;0.000000
5.600;3.513680;0.755388;-0.931570;-0.363561;0.000000
5.650;3.538075;0.487898;-0.922425;-0.386176;0.000000
5.700;3.548263;0.203769;-0.918443;-0.395554;0.000000
5.750;3.543901;-0.087260;-0.920160;-0.391543;0.000000
5.800;3.525134;-0.375337;-0.927345;-0.374206;0.000000
5.850;3.492601;-0.650660;-0.939027;-0.343844;0.000000
5.900;3.447419;-0.903643;-0.953599;-0.301081;0.000000
5.950;3.391160;-1.125164;-0.969019;-0.246985;0.000000
6.000;3.325816;-1.306883;-0.983079;-0.183183;0.000000
6.050;3.253733;-1.441660;-0.993719;-0.111906;0.000000
6.100;3.177533;-1.523994;-0.999354;-0.035933;0.000000
6.150;3.100012;-1.550432;-0.999136;0.041569;0.000000
6.200;3.024019;-1.519848;-0.993096;0.117303;0.000000
6.250;2.952342;-1.433542;-0.982146;0.188123;0.000000
6.300;2.887586;-1.295131;-0.967913;0.251284;0.000000
6.350;2.832073;-1.110249;-0.952480;0.304601;0.000000
6.400;2.787766;-0.886139;-0.938054;0.346490;0.000000
6.450;2.756206;-0.631209;-0.926653;0.375917;0.000000
6.500;2.738475;-0.354628;-0.919842;0.392288;0.000000
6.550;2.735174;-0.066001;-0.918543;0.395322;0.000000
6.600;2.746417;0.224857;-0.922929;0.384970;0.000000
6.650;2.771822;0.508098;-0.932410;0.361401;0.000000
6.700;2.810522;0.773999;-0.945695;0.325056;0.000000
6.750;2.861180;1.013159;-0.960941;0.276752;0.000000
6.800;2.922019;1.216779;-0.975990;0.217813;0.000000
6.850;2.990871;1.377035;-0.988663;0.150152;0.000000
6.900;3.065246;1.487510;-0.997087;0.076272;0.000000
6.950;3.142428;1.543627;-1.000000;-0.000835;0.000000
7.000;3.219578;1.543012;-0.996961;-0.077907;0.000000
7.050;3.293863;1.485693;-0.988429;-0.151683;0.000000
7.100;3.362567;1.374092;-0.975684;-0.219181;0.000000
7.150;3.423209;1.212830;-0.960607;-0.277909;0.000000
7.200;3.473627;1.008358;-0.945381;-0.325967;0.000000
7.250;3.512053;0.768528;-0.932161;-0.362045;0.000000
7.300;3.537161;0.502154;-0.922778;-0.385333;0.000000
7.350;3.548093;0.218645;-0.918510;-0.395398;0.000000
7.400;3.544480;-0.072269;-0.919933;-0.392076;0.000000
7.450;3.526443;-0.360739;-0.926855;-0.375420;0.000000
7.500;3.494595;-0.636954;-0.938339;-0.345717;0.000000
7.550;3.450029;-0.891315;-0.952809;-0.303570;0.000000
7.600;3.394296;-1.114667;-0.968240;-0.250023;0.000000
7.650;3.329365;-1.298621;-0.982422;-0.186671;0.000000
7.700;3.257567;-1.435964;-0.993282;-0.115714;0.000000
7.750;3.181512;-1.521101;-0.999203;-0.039909;0.000000
7.800;3.103989;-1.550464;-0.999293;0.037595;0.000000
7.850;3.027848;-1.522803;-0.993538;0.113499;0.000000
7.900;2.955884;-1.439296;-0.982806;0.184643;0.000000
7.950;2.890712;-1.303445;-0.968694;0.248258;0.000000
8.000;2.834672;-1.120789;-0.953268;0.302125;0.000000
8.050;2.789747;-0.898501;-0.938738;0.344631;0.000000
8.100;2.757500;-0.644939;-0.927139;0.374718;0.000000
8.150;2.739038;-0.369240;-0.920063;0.391770;0.000000
8.200;2.734988;-0.080995;-0.918469;0.395493;0.000000
8.250;2.745488;0.209989;-0.922571;0.385828;0.000000
8.300;2.770181;0.493861;-0.931816;0.362931;0.000000
8.350;2.808225;0.760888;-0.944946;0.327227;0.000000
8.400;2.858307;1.001645;-0.960142;0.279511;0.000000
8.450;2.918672;1.207296;-0.975256;0.221079;0.000000
8.500;2.987170;1.369955;-0.988100;0.153810;0.000000
8.550;3.061326;1.483120;-0.996780;0.080180;0.000000
8.600;3.138432;1.542113;-0.999995;0.003161;0.000000
8.650;3.215653;1.544439;-0.997259;-0.073993;0.000000
8.700;3.290154;1.489998;-0.988985;-0.148015;0.000000
8.750;3.359208;1.381096;-0.976415;-0.215902;0.000000
8.800;3.420321;1.222246;-0.961406;-0.275133;0.000000
8.850;3.471311;1.019817;-0.946133;-0.323777;0.000000
8.900;3.510391;0.781598;-0.932761;-0.360495;0.000000
8.950;3.536210;0.516364;-0.923144;-0.384455;0.000000
9.000;3.547885;0.233501;-0.918593;-0.395206;0.000000
9.050;3.545021;-0.057271;-0.919721;-0.392574;0.000000
9.100;3.527716;-0.346107;-0.926376;-0.376600;0.000000
9.150;3.496556;-0.623191;-0.937659;-0.347556;0.000000
9.200;3.452611;-0.878905;-0.952022;-0.306028;0.000000
9.250;3.397408;-1.104065;-0.967457;-0.253034;0.000000
9.300;3.332896;-1.290235;-0.981757;-0.190138;0.000000
9.350;3.261389;-1.430130;-0.992833;-0.119510;0.000000
9.400;3.185486;-1.518059;-0.999037;-0.043880;0.000000
9.450;3.107969;-1.550344;-0.999435;0.033617;0.000000
9.500;3.031689;-1.525610;-0.993967;0.109683;0.000000
9.550;2.959443;-1.444911;-0.983457;0.181144;0.000000
9.600;2.893862;-1.311634;-0.969471;0.245205;0.000000
9.650;2.837300;-1.131225;-0.954059;0.299618;0.000000
9.700;2.791761;-0.910781;-0.939430;0.342739;0.000000
9.750;2.758831;-0.658610;-0.927637;0.373484;0.000000
9.800;2.739640;-0.383819;-0.920299;0.391216;0.000000
9.850;2.734841;-0.095982;-0.918411;0.395628;0.000000
9.900;2.744596;0.195102;-0.922226;0.386651;0.000000
9.950;2.768575;0.479580;-0.931232;0.364427;0.000000
10.000;2.805960;0.747707;-0.944202;0.329366;0.000000
10.050;2.855462;0.990039;-0.959343;0.282242;0.000000
10.100;2.915347;1.197699;-0.974515;0.224320;0.000000
10.150;2.983484;1.362742;-0.987527;0.157451;0.000000
10.200;3.057413;1.478587;-0.996459;0.084080;0.000000
10.250;3.134436;1.540448;-0.999974;0.007157;0.000000
10.300;3.211721;1.545714;-0.997542;-0.070071;0.000000
10.350;3.286429;1.494159;-0.989529;-0.144331;0.000000
10.400;3.355828;1.387967;-0.977139;-0.212600;0.000000
10.450;3.417405;1.231547;-0.962204;-0.272329;0.000000
10.500;3.468964;1.031181;-0.946891;-0.321555;0.000000
10.550;3.508694;0.794596;-0.933372;-0.358911;0.000000
10.600;3.535220;0.530527;-0.923524;-0.383541;0.000000
10.650;3.547637;0.248337;-0.918690;-0.394979;0.000000
10.700;3.545524;-0.042269;-0.919523;-0.393036;0.000000
10.750;3.528951;-0.331445;-0.925910;-0.377744;0.000000
10.800;3.498483;-0.609370;-0.936988;-0.349362;0.000000
10.850;3.455162;-0.866414;-0.951239;-0.308456;0.000000
10.900;3.400494;-1.093360;-0.966672;-0.256019;0.000000
10.950;3.336408;-1.281726;-0.981083;-0.193585;0.000000
11.000;3.265200;-1.424157;-0.992370;-0.123293;0.000000
11.050;3.189457;-1.514870;-0.998855;-0.047846;0.000000
11.100;3.111953;-1.550072;-0.999561;0.029635;0.000000
11.150;3.035540;-1.528268;-0.994382;0.105854;0.000000
11.200;2.963020;-1.450386;-0.984098;0.177625;0.000000
11.250;2.897035;-1.319698;-0.970245;0.242127;0.000000
11.300;2.839958;-1.141554;-0.954852;0.297082;0.000000
11.350;2.793809;-0.922976;-0.940130;0.340815;0.000000
11.400;2.760198;-0.672221;-0.928146;0.372215;0.000000
11.450;2.740280;-0.398364;-0.920549;0.390627;0.000000
11.500;2.734732;-0.110960;-0.918368;0.395728;0.000000
11.550;2.743742;0.180197;-0.921896;0.387438;0.000000
11.600;2.767004;0.465255;-0.930658;0.365889;0.000000
11.650;2.803727;0.734458;-0.943464;0.331474;0.000000
11.700;2.852644;0.978340;-0.958544;0.284944;0.000000
11.750;2.912044;1.187988;-0.973769;0.227538;0.000000
11.800;2.979814;1.355399;-0.986942;0.161074;0.000000
11.850;3.053509;1.473910;-0.996123;0.087970;0.000000
11.900;3.130441;1.538633;-0.999938;0.011152;0.000000
11.950;3.207783;1.546838;-0.997810;-0.066142;0.000000
12.000;3.282691;1.498174;-0.990062;-0.140631;0.000000
12.050;3.352427;1.394705;-0.977857;-0.209276;0.000000
12.100;3.414463;1.240731;-0.963001;-0.269497;0.000000
12.150;3.466586;1.042448;-0.947653;-0.319302;0.000000
12.200;3.506962;0.807522;-0.933992;-0.357294;0.000000
12.250;3.534194;0.544643;-0.923917;-0.382593;0.000000
12.300;3.547351;0.263150;-0.918803;-0.394716;0.000000
12.350;3.545988;-0.027262;-0.919340;-0.393463;0.000000
12.400;3.530150;-0.316753;-0.925456;-0.378854;0.000000
12.450;3.500376;-0.595495;-0.936325;-0.351135;0.000000
12.500;3.457684;-0.853843;-0.950458;-0.310854;0.000000
12.550;3.403556;-1.082553;-0.965883;-0.258977;0.000000
12.600;3.339901;-1.273096;-0.980401;-0.197011;0.000000
12.650;3.268999;-1.418047;-0.991895;-0.127062;0.000000
12.700;3.193422;-1.511533;-0.998657;-0.051806;0.000000
12.750;3.115940;-1.549649;-0.999671;0.025650;0.000000
12.800;3.039401;-1.530777;-0.994783;0.102014;0.000000
12.850;2.966615;-1.455720;-0.984730;0.174086;0.000000
12.900;2.900233;-1.327637;-0.971014;0.239023;0.000000
12.950;2.842644;-1.151775;-0.955647;0.294515;0.000000
13.000;2.795890;-0.935086;-0.940838;0.338858;0.000000
13.050;2.761601;-0.685771;-0.928668;0.370912;0.000000
13.100;2.740958;-0.412872;-0.920814;0.390003;0.000000
13.150;2.734662;-0.125928;-0.918340;0.395793;0.000000
13.200;2.742925;0.165277;-0.921579;0.388191;0.000000
13.250;2.765470;0.450888;-0.930096;0.367317;0.000000
13.300;2.801527;0.721142;-0.942733;0.333549;0.000000
13.350;2.849854;0.966550;-0.957745;0.287618;0.000000
13.400;2.908763;1.178165;-0.973017;0.230732;0.000000
13.450;2.976159;1.347926;-0.986347;0.164680;0.000000
13.500;3.049613;1.469090;-0.995773;0.091850;0.000000
13.550;3.126447;1.536668;-0.999885;0.015145;0.000000
13.600;3.203837;1.547811;-0.998063;-0.062205;0.000000
13.650;3.278940;1.502044;-0.990583;-0.136915;0.000000
13.700;3.349005;1.401309;-0.978567;-0.205928;0.000000
13.750;3.411495;1.249797;-0.963797;-0.266637;0.000000
13.800;3.464176;1.053619;-0.948420;-0.317017;0.000000
13.850;3.505194;0.820373;-0.934622;-0.355643;0.000000
13.900;3.533130;0.558709;-0.924324;-0.381610;0.000000
13.950;3.547027;0.277939;-0.918931;-0.394418;0.000000
14.000;3.546414;-0.012254;-0.919173;-0.393855;0.000000
14.050;3.531313;-0.302032;-0.925016;-0.379929;0.000000
14.100;3.502234;-0.581565;-0.935671;-0.352875;0.000000
14.150;3.460175;-0.841193;-0.949681;-0.313220;0.000000
14.200;3.406592;-1.071644;-0.965093;-0.261909;0.000000
14.250;3.343375;-1.264344;-0.979711;-0.200416;0.000000
14.300;3.272785;-1.411800;-0.991407;-0.130817;0.000000
14.350;3.197383;-1.508048;-0.998444;-0.055761;0.000000
14.400;3.119929;-1.549075;-0.999765;0.021662;0.000000
14.450;3.043272;-1.533137;-0.995170;0.098162;0.000000
14.500;2.970227;-1.460914;-0.985353;0.170529;0.000000
14.550;2.903454;-1.335448;-0.971779;0.235894;0.000000
14.600;2.845360;-1.161889;-0.956443;0.291919;0.000000
14.650;2.798004;-0.947109;-0.941552;0.336868;0.000000
14.700;2.763041;-0.699258;-0.929201;0.369575;0.000000
14.750;2.741674;-0.427344;-0.921093;0.389343;0.000000
14.800;2.734630;-0.140884;-0.918327;0.395822;0.000000
14.850;2.742147;0.150342;-0.921277;0.388908;0.000000
14.900;2.763971;0.436480;-0.929544;0.368711;0.000000
14.950;2.799359;0.707759;-0.942007;0.335592;0.000000
15.000;2.847093;0.954671;-0.956947;0.290262;0.000000
15.050;2.905504;1.168231;-0.972260;0.233902;0.000000
15.100;2.972520;1.340324;-0.985741;0.168268;0.000000
15.150;3.045727;1.464127;-0.995408;0.095719;0.000000
15.200;3.122454;1.534553;-0.999817;0.019137;0.000000
15.250;3.199886;1.548633;-0.998301;-0.058260;0.000000
15.300;3.275174;1.505768;-0.991091;-0.133185;0.000000
15.350;3.345563;1.407777;-0.979270;-0.202559;0.000000
15.400;3.408500;1.258744;-0.964591;-0.263750;0.000000
15.450;3.461735;1.064690;-0.949191;-0.314702;0.000000
15.500;3.503392;0.833149;-0.935261;-0.353958;0.000000
15.550;3.532029;0.572724;-0.924743;-0.380592;0.000000
15.600;3.546664;0.292704;-0.919074;-0.394084;0.000000
15.650;3.546802;0.002756;-0.919020;-0.394211;0.000000
15.700;3.532437;-0.287284;-0.924588;-0.380970;0.000000
15.750;3.504058;-0.567583;-0.935025;-0.354581;0.000000
15.800;3.462635;-0.828465;-0.948907;-0.315556;0.000000
15.850;3.409603;-1.060635;-0.964300;-0.264814;0.000000
15.900;3.346829;-1.255472;-0.979013;-0.203799;0.000000
15.950;3.276559;-1.405417;-0.990906;-0.134557;0.000000
16.000;3.201338;-1.504417;-0.998216;-0.059710;0.000000
16.050;3.123920;-1.548349;-0.999844;0.017671;0.000000
16.100;3.047153;-1.535347;-0.995544;0.094299;0.000000
16.150;2.973855;-1.465966;-0.985965;0.166952;0.000000
16.200;2.906698;-1.343131;-0.972539;0.232740;0.000000
16.250;2.848104;-1.171892;-0.957240;0.289294;0.000000
16.300;2.800151;-0.959044;-0.942273;0.334846;0.000000
16.350;2.764517;-0.712682;-0.929745;0.368203;0.000000
16.400;2.742429;-0.441777;-0.921386;0.388648;0.000000
16.450;2.734637;-0.155829;-0.918330;0.395815;0.000000
16.500;2.741407;0.135393;-0.920989;0.389590;0.000000
16.550;2.762508;0.422033;-0.929004;0.370070;0.000000
16.600;2.797224;0.694312;-0.941289;0.337603;0.000000
16.650;2.844359;0.942703;-0.956150;0.292876;0.000000
16.700;2.902268;1.158187;-0.971498;0.237046;0.000000
16.750;2.968898;1.332594;-0.985125;0.171837;0.000000
16.800;3.041849;1.459023;-0.995030;0.099578;0.000000
16.850;3.118464;1.532288;-0.999733;0.023127;0.000000
16.900;3.195929;1.549303;-0.998524;-0.054309;0.000000
16.950;3.271396;1.509345;-0.991587;-0.129439;0.000000
17.000;3.342102;1.414110;-0.979965;-0.199168;0.000000
17.050;3.405480;1.267572;-0.965383;-0.260835;0.000000
17.100;3.459263;1.075663;-0.949966;-0.312355;0.000000
17.150;3.501556;0.845848;-0.935910;-0.352240;0.000000
17.200;3.530890;0.586687;-0.925176;-0.379539;0.000000
17.250;3.546262;0.307442;-0.919233;-0.393715;0.000000
17.300;3.547150;0.017766;-0.918882;-0.394531;0.000000
17.350;3.533525;-0.272510;-0.924173;-0.381975;0.000000
17.400;3.505848;-0.553548;-0.934389;-0.356253;0.000000
17.450;3.465064;-0.815662;-0.948138;-0.317860;0.000000
17.500;3.412588;-1.049527;-0.963505;-0.267691;0.000000
17.550;3.350264;-1.246481;-0.978307;-0.207160;0.000000
17.600;3.280319;-1.398899;-0.990393;-0.138282;0.000000
17.650;3.205287;-1.500640;-0.997972;-0.063651;0.000000
17.700;3.127913;-1.547471;-0.999906;0.013679;0.000000
17.750;3.051043;-1.537407;-0.995903;0.090426;0.000000
17.800;2.977499;-1.470876;-0.986567;0.163358;0.000000
17.850;2.909965;-1.350686;-0.973294;0.229562;0.000000
17.900;2.850876;-1.181786;-0.958039;0.286639;0.000000
17.950;2.802331;-0.970891;-0.943001;0.332791;0.000000
18.000;2.766029;-0.726040;-0.930301;0.366797;0.000000
18.050;2.743221;-0.456169;-0.921694;0.387918;0.000000
18.100;2.734683;-0.170759;-0.918348;0.395773;0.000000
18.150;2.740704;0.120432;-0.920715;0.390236;0.000000
18.200;2.761082;0.407548;-0.928475;0.371395;0.000000
18.250;2.795122;0.680802;-0.940577;0.339580;0.000000
18.300;2.841654;0.930648;-0.955355;0.295461;0.000000
18.350;2.899056;1.148034;-0.970732;0.240166;0.000000
18.400;2.965293;1.324736;-0.984499;0.175388;0.000000
18.450;3.037982;1.453778;-0.994637;0.103426;0.000000
18.500;3.114475;1.529873;-0.999632;0.027114;0.000000
18.550;3.191966;1.549822;-0.998731;-0.050352;0.000000
18.600;3.267605;1.512775;-0.992071;-0.125679;0.000000
18.650;3.338620;1.420307;-0.980653;-0.195756;0.000000
18.700;3.402434;1.276280;-0.966173;-0.257894;0.000000
18.750;3.456761;1.086534;-0.950744;-0.309977;0.000000
18.800;3.499685;0.858469;-0.936567;-0.350488;0.000000
18.850;3.529714;0.600597;-0.925621;-0.378451;0.000000
18.900;3.545822;0.322152;-0.919406;-0.393310;0.000000
18.950;3.547461;0.032774;-0.918760;-0.394817;0.000000
19.000;3.534575;-0.257712;-0.923771;-0.382945;0.000000
19.050;3.507602;-0.539464;-0.933763;-0.357892;0.000000
19.100;3.467463;-0.802783;-0.947372;-0.320133;0.000000
19.150;3.415547;-1.038321;-0.962709;-0.270540;0.000000
19.200;3.353678;-1.237371;-0.977594;-0.210499;0.000000
19.250;3.284066;-1.392246;-0.989868;-0.141992;0.000000
19.300;3.209230;-1.496716;-0.997713;-0.067586;0.000000
19.350;3.131908;-1.546443;-0.999953;0.009685;0.000000
19.400;3.054942;-1.539317;-0.996248;0.086542;0.000000
19.450;2.981160;-1.475644;-0.987158;0.159745;0.000000
19.500;2.913254;-1.358111;-0.974044;0.226359;0.000000
19.550;2.853676;-1.191567;-0.958838;0.283955;0.000000
19.600;2.804543;-0.982647;-0.943735;0.330704;0.000000
19.650;2.767577;-0.739332;-0.930868;0.365356;0.000000
19.700;2.744051;-0.470521;-0.922015;0.387153;0.000000
19.750;2.734767;-0.185673;-0.918382;0.395696;0.000000
19.800;2.740040;0.105460;-0.920455;0.390848;0.000000
19.850;2.759691;0.393026;-0.927958;0.372685;0.000000
19.900;2.793053;0.667229;-0.939872;0.341526;0.000000
19.950;2.838978;0.918507;-0.954561;0.298017;0.000000
20.000;2.895867;1.137773;-0.969961;0.243260;0.000000
