0.000;2.770204;0.282259;-0.931824;0.362910;0.000000
0.050;2.797668;0.549270;-0.941438;0.337185;0.000000
0.100;2.837535;0.797354;-0.954130;0.299394;0.000000
0.150;2.888417;1.017633;-0.968122;0.250480;0.000000
0.200;2.948513;1.201923;-0.981418;0.191882;0.000000
0.250;3.015668;1.343101;-0.992082;0.125592;0.000000
0.300;3.087443;1.435505;-0.998534;0.054123;0.000000
0.350;3.161210;1.475326;-0.999808;-0.019616;0.000000
0.400;3.234254;1.460894;-0.995710;-0.092529;0.000000
0.450;3.303895;1.392815;-0.986858;-0.161591;0.000000
0.500;3.367591;1.273925;-0.974571;-0.224080;0.000000
0.550;3.423044;1.109058;-0.960653;-0.277750;0.000000
0.600;3.468273;0.904569;-0.947113;-0.320900;-0.000899
0.650;3.501719;0.668923;-0.935852;-0.352392;0.003043
0.700;3.522201;0.409650;-0.928439;-0.371486;0.000000
0.750;3.529018;0.136330;-0.925885;-0.377806;0.000000
0.800;3.521936;-0.141641;-0.928537;-0.371239;0.000000
0.850;3.501197;-0.414780;-0.936036;-0.351904;0.000000
0.900;3.467512;-0.673693;-0.947357;-0.320180;0.000000
0.950;3.422049;-0.909266;-0.960929;-0.276794;0.000000
1.000;3.366403;-1.112917;-0.974836;-0.222921;0.000000
1.050;3.302556;-1.276931;-0.987073;-0.160270;0.000000
1.100;3.232814;-1.394849;-0.995842;-0.091095;0.000000
1.150;3.159720;-1.461872;-0.999836;-0.018127;0.000000
1.200;3.085960;-1.475209;-0.998453;0.055604;0.000000
1.250;3.014245;-1.434298;-0.991902;0.127004;0.000000
1.300;2.947202;-1.340855;-0.981166;0.193169;0.000000
1.350;2.887266;-1.198732;-0.967833;0.251594;0.000000
1.400;2.836585;-1.013621;-0.953844;0.300301;0.000000
1.450;2.796951;-0.792675;-0.941197;0.337860;0.000000
1.500;2.769746;-0.544095;-0.931658;0.363336;0.000000
1.550;2.755908;-0.276770;-0.926541;0.376194;0.000000
1.600;2.755908;0.000015;-0.926541;0.376193;0.000000
1.650;2.769748;0.276799;-0.931659;0.363334;0.000000
1.700;2.796954;0.544123;-0.941198;0.337856;0.000000
1.750;2.836589;0.792700;-0.953846;0.300296;0.000000
1.800;2.887272;1.013643;-0.967834;0.251588;0.000000
1.850;2.947209;1.198749;-0.981167;0.193162;0.000000
1.900;3.014252;1.340868;-0.991903;0.126996;0.000000
1.950;3.085968;1.434306;-0.998453;0.055596;0.000000
2.000;3.159728;1.475211;-0.999836;-0.018135;0.000000
2.050;3.232822;1.461868;-0.995842;-0.091103;0.000000
2.100;3.302564;1.394839;-0.987072;-0.160277;0.000000
2.150;3.366409;1.276916;-0.974835;-0.222928;0.000000
2.200;3.422054;1.112897;-0.960928;-0.276799;0.000000
2.250;3.467516;0.909242;-0.947355;-0.320184;0.000000
2.300;3.501200;0.673666;-0.936035;-0.351906;0.000000
2.350;3.521937;0.414751;-0.928537;-0.371240;0.000000
2.400;3.529018;0.141611;-0.925885;-0.377806;0.000000
2.450;3.522200;-0.136359;-0.928439;-0.371484;0.000000
2.500;3.501716;-0.409679;-0.935853;-0.352390;0.000000
2.550;3.468268;-0.668950;-0.947114;-0.320896;0.000000
2.600;3.423016;-0.905049;-0.960661;-0.277723;0.000000
2.650;3.367547;-1.109384;-0.974581;-0.224036;0.000000
2.700;3.303836;-1.274219;-0.986867;-0.161532;0.000000
2.750;3.234182;-1.393066;-0.995717;-0.092458;0.000000
2.800;3.161128;-1.461092;-0.999809;-0.019534;0.000000
2.850;3.087355;-1.475464;-0.998529;0.054211;0.000000
2.900;3.015576;-1.435578;-0.992070;0.125684;0.000000
2.950;2.948421;-1.343106;-0.981400;0.191973;0.000000
3.000;2.888327;-1.201862;-0.968099;0.250566;0.000000
3.050;2.837452;-1.017508;-0.954105;0.299473;0.000000
3.100;2.797594;-0.797170;-0.941413;0.337255;0.000000
3.150;2.770142;-0.549035;-0.931802;0.362968;0.000000
3.200;2.756043;-0.281982;-0.926592;0.376069;0.000000
3.250;2.755778;-0.005289;-0.926492;0.376314;0.000000
3.300;2.769357;0.271584;-0.931517;0.363698;0.000000
3.350;2.796316;0.539175;-0.940982;0.338457;0.000000
3.400;2.835726;0.788195;-0.953586;0.301120;0.000000
3.450;2.886213;1.009744;-0.967568;0.252613;0.000000
3.500;2.945993;1.195603;-0.980931;0.194355;0.000000
3.550;3.012923;1.338600;-0.991733;0.128315;0.000000
3.600;3.084574;1.433007;-0.998375;0.056988;0.000000
3.650;3.158320;1.474936;-0.999860;-0.016727;0.000000
3.700;3.231452;1.462629;-0.995965;-0.089738;0.000000
3.750;3.301282;1.396604;-0.987277;-0.159012;0.000000
3.800;3.365263;1.279612;-0.975090;-0.221810;0.000000
3.850;3.421084;1.116415;-0.961196;-0.275866;0.000000
3.900;3.466756;0.913447;-0.947599;-0.319463;0.000000
3.950;3.500676;0.678401;-0.936219;-0.351416;0.000000
4.000;3.521668;0.419847;-0.928637;-0.370991;0.000000
4.050;3.529013;0.146891;-0.925887;-0.377801;0.000000
4.100;3.522459;-0.131076;-0.928343;-0.371725;0.000000
4.150;3.502230;-0.404573;-0.935672;-0.352871;0.000000
4.200;3.469020;-0.664198;-0.946873;-0.321608;0.000000
4.250;3.423979;-0.900821;-0.960393;-0.278649;0.000000
4.300;3.368687;-1.105837;-0.974325;-0.225148;0.000000
4.350;3.305113;-1.271489;-0.986660;-0.162793;0.000000
4.400;3.235550;-1.391264;-0.995589;-0.093819;0.000000
4.450;3.162535;-1.460291;-0.999781;-0.020941;0.000000
4.500;3.088750;-1.475699;-0.998604;0.052818;0.000000
4.550;3.016908;-1.436838;-0.992237;0.124361;0.000000
4.600;2.949641;-1.345339;-0.981634;0.190775;0.000000
4.650;2.889393;-1.204977;-0.968366;0.249535;0.000000
4.700;2.838324;-1.021381;-0.954365;0.298642;0.000000
4.750;2.798241;-0.801656;-0.941632;0.336645;0.000000
4.800;2.770542;-0.553969;-0.931947;0.362594;0.000000
4.850;2.756183;-0.287190;-0.926644;0.375939;0.000000
4.900;2.755653;-0.010593;-0.926445;0.376430;0.000000
4.950;2.768971;0.266365;-0.931376;0.364058;0.000000
5.000;2.795682;0.534221;-0.940767;0.339053;0.000000
5.050;2.834867;0.783679;-0.953327;0.301939;0.000000
5.100;2.885158;1.005831;-0.967300;0.253633;0.000000
5.150;2.944780;1.192442;-0.980695;0.195544;0.000000
5.200;3.011596;1.336314;-0.991562;0.129631;0.000000
5.250;3.083180;1.431690;-0.998294;0.058379;0.000000
5.300;3.156912;1.474642;-0.999883;-0.015319;0.000000
5.350;3.230081;1.463371;-0.996087;-0.088373;0.000000
5.400;3.299998;1.398351;-0.987480;-0.157744;0.000000
5.450;3.364113;1.282291;-0.975344;-0.220688;0.000000
5.500;3.420109;1.119919;-0.961464;-0.274929;0.000000
5.550;3.465991;0.917640;-0.947843;-0.318738;0.000000
5.600;3.500147;0.683128;-0.936405;-0.350921;0.000000
5.650;3.521394;0.424938;-0.928738;-0.370736;0.000000
5.700;3.529002;0.152169;-0.925891;-0.377792;0.000000
5.750;3.522713;-0.125792;-0.928248;-0.371961;0.000000
5.800;3.502740;-0.399462;-0.935492;-0.353348;0.000000
5.850;3.469768;-0.659437;-0.946632;-0.322316;0.000000
5.900;3.424939;-0.896582;-0.960125;-0.279570;0.000000
5.950;3.369825;-1.102275;-0.974068;-0.226256;0.000000
6.000;3.306388;-1.268743;-0.986452;-0.164051;0.000000
6.050;3.236916;-1.389444;-0.995460;-0.095179;0.000000
6.100;3.163942;-1.459471;-0.999750;-0.022348;0.000000
6.150;3.090147;-1.475914;-0.998677;0.051423;0.000000
6.200;3.018243;-1.438079;-0.992402;0.123037;0.000000
6.250;2.950865;-1.347554;-0.981867;0.189573;0.000000
6.300;2.890461;-1.208076;-0.968632;0.248500;0.000000
6.350;2.839199;-1.025242;-0.954626;0.297806;0.000000
6.400;2.798892;-0.806131;-0.941851;0.336031;0.000000
6.450;2.770948;-0.558896;-0.932094;0.362217;0.000000
6.500;2.756328;-0.292395;-0.926699;0.375804;0.000000
6.550;2.755533;-0.015897;-0.926400;0.376541;0.000000
6.600;2.768590;0.261143;-0.931237;0.364413;0.000000
6.650;2.795053;0.529260;-0.940554;0.339645;0.000000
6.700;2.834011;0.779154;-0.953068;0.302755;0.000000
6.750;2.884106;1.001905;-0.967033;0.254651;0.000000
6.800;2.943569;1.189265;-0.980457;0.196732;0.000000
6.850;3.010270;1.334010;-0.991390;0.130946;0.000000
6.900;3.081788;1.430353;-0.998212;0.059769;0.000000
6.950;3.155504;1.474328;-0.999903;-0.013911;0.000000
7.000;3.228709;1.464093;-0.996208;-0.087006;0.000000
7.050;3.298713;1.400079;-0.987682;-0.156474;0.000000
7.100;3.362960;1.284953;-0.975598;-0.219564;0.000000
7.150;3.419131;1.123408;-0.961733;-0.273989;0.000000
7.200;3.465222;0.921821;-0.948088;-0.318009;0.000000
7.250;3.499614;0.687846;-0.936592;-0.350422;0.000000
7.300;3.521115;0.430023;-0.928842;-0.370477;0.000000
7.350;3.528987;0.157445;-0.925896;-0.377778;0.000000
7.400;3.522962;-0.120505;-0.928156;-0.372192;0.000000
7.450;3.503245;-0.394346;-0.935314;-0.353820;0.000000
7.500;3.470512;-0.654669;-0.946392;-0.323020;0.000000
7.550;3.425895;-0.892331;-0.959858;-0.280488;0.000000
7.600;3.370960;-1.098700;-0.973810;-0.227361;0.000000
7.650;3.307661;-1.265981;-0.986242;-0.165306;0.000000
7.700;3.238281;-1.387605;-0.995329;-0.096537;0.000000
7.750;3.165349;-1.458632;-0.999718;-0.023754;0.000000
7.800;3.091544;-1.476109;-0.998748;0.050028;0.000000
7.850;3.019579;-1.439301;-0.992566;0.121712;0.000000
7.900;2.952091;-1.349752;-0.982098;0.188369;0.000000
7.950;2.891533;-1.211159;-0.968898;0.247462;0.000000
8.000;2.840079;-1.029089;-0.954888;0.296966;0.000000
8.050;2.799549;-0.810596;-0.942071;0.335413;0.000000
8.100;2.771358;-0.563816;-0.932242;0.361834;0.000000
8.150;2.756478;-0.297596;-0.926755;0.375665;0.000000
8.200;2.755418;-0.021201;-0.926357;0.376647;0.000000
8.250;2.768214;0.255918;-0.931100;0.364763;0.000000
8.300;2.794429;0.524292;-0.940341;0.340232;0.000000
8.350;2.833160;0.774618;-0.952810;0.303566;0.000000
8.400;2.883058;0.997967;-0.966766;0.255664;0.000000
8.450;2.942362;1.186072;-0.980219;0.197916;0.000000
8.500;3.008946;1.331688;-0.991215;0.132258;0.000000
8.550;3.080396;1.428997;-0.998128;0.061159;0.000000
8.600;3.154095;1.473995;-0.999922;-0.012503;0.000000
8.650;3.227335;1.464796;-0.996326;-0.085638;0.000000
8.700;3.297425;1.401788;-0.987883;-0.155202;0.000000
8.750;3.361805;1.287598;-0.975851;-0.218437;0.000000
8.800;3.418149;1.126883;-0.962001;-0.273044;0.000000
8.850;3.464448;0.925991;-0.948333;-0.317276;0.000000
8.900;3.499076;0.692555;-0.936780;-0.349918;0.000000
8.950;3.520831;0.435103;-0.928947;-0.370213;0.000000
9.000;3.528967;0.162719;-0.925904;-0.377759;0.000000
9.050;3.523206;-0.115218;-0.928065;-0.372419;0.000000
9.100;3.503745;-0.389224;-0.935136;-0.354288;0.000000
9.150;3.471251;-0.649892;-0.946153;-0.323719;0.000000
9.200;3.426847;-0.888068;-0.959590;-0.281402;0.000000
9.250;3.372092;-1.095110;-0.973553;-0.228463;0.000000
9.300;3.308932;-1.263201;-0.986031;-0.166559;0.000000
9.350;3.239644;-1.385747;-0.995197;-0.097895;0.000000
9.400;3.166756;-1.457773;-0.999683;-0.025160;0.000000
9.450;3.092941;-1.476285;-0.998817;0.048632;0.000000
9.500;3.020916;-1.440504;-0.992727;0.120384;0.000000
9.550;2.953320;-1.351931;-0.982329;0.187163;0.000000
9.600;2.892608;-1.214226;-0.969163;0.246420;0.000000
9.650;2.840962;-1.032923;-0.955150;0.296123;0.000000
9.700;2.800210;-0.815051;-0.942293;0.334791;0.000000
9.750;2.771773;-0.568728;-0.932393;0.361447;0.000000
9.800;2.756634;-0.302794;-0.926814;0.375521;0.000000
9.850;2.755308;-0.026504;-0.926315;0.376749;0.000000
9.900;2.767843;0.250689;-0.930965;0.365109;0.000000
9.950;2.793809;0.519318;-0.940130;0.340815;0.000000
10.000;2.832312;0.770073;-0.952553;0.304373;0.000000
10.050;2.882013;0.994016;-0.966498;0.256674;0.000000
10.100;2.941156;1.182864;-0.979980;0.199097;0.000000
10.150;3.007624;1.329349;-0.991040;0.133569;0.000000
10.200;3.079005;1.427622;-0.998042;0.062547;0.000000
10.250;3.152687;1.473641;-0.999938;-0.011094;0.000000
10.300;3.225961;1.465479;-0.996443;-0.084268;0.000000
10.350;3.296135;1.403479;-0.988082;-0.153928;0.000000
10.400;3.360646;1.290226;-0.976104;-0.217306;0.000000
10.450;3.417163;1.130344;-0.962270;-0.272096;0.000000
10.500;3.463671;0.930149;-0.948580;-0.316538;0.000000
10.550;3.498534;0.697256;-0.936970;-0.349410;0.000000
10.600;3.520542;0.440178;-0.929054;-0.369945;0.000000
10.650;3.528942;0.167991;-0.925914;-0.377735;0.000000
10.700;3.523445;-0.109928;-0.927976;-0.372641;0.000000
10.750;3.504241;-0.384099;-0.934961;-0.354751;0.000000
10.800;3.471985;-0.645107;-0.945915;-0.324414;0.000000
10.850;3.427795;-0.883795;-0.959323;-0.282312;0.000000
10.900;3.373220;-1.091505;-0.973294;-0.229562;0.000000
10.950;3.310200;-1.260406;-0.985819;-0.167810;0.000000
11.000;3.241006;-1.383872;-0.995063;-0.099250;0.000000
11.050;3.168162;-1.456895;-0.999647;-0.026566;0.000000
11.100;3.094340;-1.476441;-0.998884;0.047235;0.000000
11.150;3.022255;-1.441687;-0.992888;0.119054;0.000000
11.200;2.954551;-1.354093;-0.982559;0.185953;0.000000
11.250;2.893687;-1.217278;-0.969428;0.245374;0.000000
11.300;2.841850;-1.036744;-0.955412;0.295275;0.000000
11.350;2.800875;-0.819495;-0.942515;0.334164;0.000000
11.400;2.772193;-0.573634;-0.932544;0.361056;0.000000
11.450;2.756794;-0.307987;-0.926874;0.375373;0.000000
11.500;2.755203;-0.031807;-0.926276;0.376846;0.000000
11.550;2.767476;0.245458;-0.930831;0.365450;0.000000
11.600;2.793193;0.514338;-0.939920;0.341394;0.000000
11.650;2.831469;0.765518;-0.952296;0.305176;0.000000
11.700;2.880972;0.990052;-0.966230;0.257681;0.000000
11.750;2.939954;1.179640;-0.979740;0.200275;0.000000
11.800;3.006303;1.326993;-0.990862;0.134877;0.000000
11.850;3.077615;1.426229;-0.997954;0.063934;0.000000
11.900;3.151278;1.473268;-0.999953;-0.009685;0.000000
11.950;3.224585;1.466142;-0.996558;-0.082897;0.000000
12.000;3.294843;1.405151;-0.988280;-0.152651;0.000000
12.050;3.359485;1.292838;-0.976355;-0.216172;0.000000
12.100;3.416174;1.133789;-0.962539;-0.271144;0.000000
12.150;3.462889;0.934295;-0.948827;-0.315797;0.000000
12.200;3.497986;0.701947;-0.937161;-0.348897;0.000000
12.250;3.520248;0.445247;-0.929162;-0.369672;0.000000
12.300;3.528912;0.173260;-0.925925;-0.377707;0.000000
12.350;3.523680;-0.104638;-0.927889;-0.372858;0.000000
12.400;3.504731;-0.378968;-0.934787;-0.355210;0.000000
12.450;3.472716;-0.640314;-0.945678;-0.325105;0.000000
12.500;3.428740;-0.879510;-0.959056;-0.283218;0.000000
12.550;3.374346;-1.087887;-0.973035;-0.230657;0.000000
12.600;3.311466;-1.257593;-0.985606;-0.169058;0.000000
12.650;3.242367;-1.381977;-0.994927;-0.100604;0.000000
12.700;3.169567;-1.455997;-0.999609;-0.027971;0.000000
12.750;3.095739;-1.476577;-0.998949;0.045838;0.000000
12.800;3.023596;-1.442851;-0.993046;0.117723;0.000000
12.850;2.955784;-1.356237;-0.982787;0.184741;0.000000
12.900;2.894768;-1.220313;-0.969693;0.244326;0.000000
12.950;2.842741;-1.040551;-0.955675;0.294423;0.000000
13.000;2.801544;-0.823929;-0.942739;0.333532;0.000000
13.050;2.772618;-0.578533;-0.932698;0.360659;0.000000
13.100;2.756959;-0.313177;-0.926936;0.375220;0.000000
13.150;2.755104;-0.037110;-0.926238;0.376939;0.000000
13.200;2.767115;0.240223;-0.930699;0.365787;0.000000
13.250;2.792582;0.509351;-0.939712;0.341968;0.000000
13.300;2.830630;0.760954;-0.952039;0.305975;0.000000
13.350;2.879934;0.986075;-0.965962;0.258683;0.000000
13.400;2.938754;1.176401;-0.979499;0.201451;0.000000
13.450;3.004985;1.324619;-0.990684;0.136183;0.000000
13.500;3.076226;1.424816;-0.997864;0.065321;0.000000
13.550;3.149869;1.472875;-0.999966;-0.008276;0.000000
13.600;3.223208;1.466786;-0.996671;-0.081525;0.000000
13.650;3.293549;1.406804;-0.988477;-0.151372;0.000000
13.700;3.358320;1.295432;-0.976606;-0.215035;0.000000
13.750;3.415181;1.137220;-0.962807;-0.270188;0.000000
13.800;3.462103;0.938429;-0.949075;-0.315051;0.000000
13.850;3.497434;0.706630;-0.937354;-0.348379;0.000000
13.900;3.519950;0.450310;-0.929273;-0.369394;0.000000
13.950;3.528876;0.178528;-0.925938;-0.377675;0.000000
14.000;3.523909;-0.099346;-0.927803;-0.373070;0.000000
14.050;3.505217;-0.373832;-0.934614;-0.355664;0.000000
14.100;3.473442;-0.635512;-0.945442;-0.325792;0.000000
14.150;3.429681;-0.875214;-0.958789;-0.284120;0.000000
14.200;3.375468;-1.084255;-0.972776;-0.231749;0.000000
14.250;3.312730;-1.254764;-0.985392;-0.170303;0.000000
14.300;3.243727;-1.380065;-0.994789;-0.101957;0.000000
14.350;3.170973;-1.455080;-0.999568;-0.029376;0.000000
14.400;3.097138;-1.476693;-0.999012;0.044440;0.000000
14.450;3.024938;-1.443996;-0.993204;0.116390;0.000000
14.500;2.957020;-1.358362;-0.983015;0.183526;0.000000
14.550;2.895854;-1.223333;-0.969958;0.243273;0.000000
14.600;2.843636;-1.044345;-0.955938;0.293567;0.000000
14.650;2.802219;-0.828353;-0.942963;0.332897;0.000000
14.700;2.773047;-0.583424;-0.932852;0.360259;0.000000
14.750;2.757129;-0.318363;-0.927000;0.375062;0.000000
14.800;2.755009;-0.042412;-0.926202;0.377027;0.000000
14.850;2.766758;0.234985;-0.930568;0.366119;0.000000
14.900;2.791976;0.504357;-0.939504;0.342538;0.000000
14.950;2.829795;0.756379;-0.951784;0.306770;0.000000
15.000;2.878899;0.982086;-0.965694;0.259683;0.000000
15.050;2.937557;1.173147;-0.979257;0.202623;0.000000
15.100;3.003668;1.322227;-0.990503;0.137488;0.000000
15.150;3.074837;1.423384;-0.997773;0.066706;0.000000
15.200;3.148460;1.472463;-0.999976;-0.006868;0.000000
15.250;3.221831;1.467410;-0.996783;-0.080152;0.000000
15.300;3.292253;1.408438;-0.988672;-0.150091;0.000000
15.350;3.357153;1.298009;-0.976857;-0.213895;0.000000
15.400;3.414185;1.140636;-0.963076;-0.269229;0.000000
15.450;3.461312;0.942551;-0.949324;-0.314301;0.000000
15.500;3.496878;0.711304;-0.937547;-0.347858;0.000000
15.550;3.519646;0.455368;-0.929385;-0.369112;0.000000
15.600;3.528836;0.183794;-0.925954;-0.377637;0.000000
15.650;3.524133;-0.094053;-0.927719;-0.373278;0.000000
15.700;3.505699;-0.368692;-0.934443;-0.356114;0.000000
15.750;3.474163;-0.630703;-0.945206;-0.326474;0.000000
15.800;3.430618;-0.870906;-0.958522;-0.285018;0.000000
15.850;3.376588;-1.080608;-0.972516;-0.232838;0.000000
15.900;3.313992;-1.251919;-0.985176;-0.171546;0.000000
15.950;3.245085;-1.378134;-0.994649;-0.103308;0.000000
16.000;3.172378;-1.454143;-0.999526;-0.030780;0.000000
16.050;3.098538;-1.476789;-0.999073;0.043041;0.000000
16.100;3.026282;-1.445122;-0.993359;0.115055;0.000000
16.150;2.958259;-1.360470;-0.983241;0.182309;0.000000
16.200;2.896942;-1.226336;-0.970222;0.242217;0.000000
16.250;2.844536;-1.048125;-0.956202;0.292707;0.000000
16.300;2.802897;-0.832766;-0.943189;0.332257;0.000000
16.350;2.773482;-0.588308;-0.933009;0.359853;0.000000
16.400;2.757305;-0.323546;-0.927066;0.374899;0.000000
16.450;2.754919;-0.047714;-0.926169;0.377110;0.000000
16.500;2.766406;0.229745;-0.930439;0.366446;0.000000
16.550;2.791374;0.499358;-0.939298;0.343103;0.000000
16.600;2.828964;0.751796;-0.951528;0.307561;0.000000
16.650;2.877868;0.978084;-0.965426;0.260678;0.000000
16.700;2.936362;1.169878;-0.979014;0.203793;0.000000
16.750;3.002353;1.319818;-0.990322;0.138790;0.000000
16.800;3.073450;1.421933;-0.997679;0.068090;0.000000
16.850;3.147051;1.472031;-0.999985;-0.005458;0.000000
16.900;3.220452;1.468015;-0.996892;-0.078777;0.000000
16.950;3.290954;1.410054;-0.988866;-0.148807;0.000000
17.000;3.355983;1.300569;-0.977106;-0.212752;0.000000
17.050;3.413185;1.144037;-0.963345;-0.268266;0.000000
17.100;3.460518;0.946661;-0.949573;-0.313546;0.000000
17.150;3.496316;0.715969;-0.937742;-0.347331;0.000000
17.200;3.519337;0.460420;-0.929499;-0.368825;0.000000
17.250;3.528790;0.189057;-0.925971;-0.377595;0.000000
17.300;3.524352;-0.088758;-0.927638;-0.373482;0.000000
17.350;3.506175;-0.363548;-0.934273;-0.356559;0.000000
17.400;3.474881;-0.625886;-0.944972;-0.327152;0.000000
17.450;3.431551;-0.866588;-0.958256;-0.285913;0.000000
17.500;3.377704;-1.076948;-0.972255;-0.233923;0.000000
17.550;3.315251;-1.249057;-0.984959;-0.172787;0.000000
17.600;3.246442;-1.376185;-0.994508;-0.104657;0.000000
17.650;3.173782;-1.453186;-0.999482;-0.032184;0.000000
17.700;3.099939;-1.476866;-0.999133;0.041642;0.000000
17.750;3.027628;-1.446228;-0.993513;0.113718;0.000000
17.800;2.959500;-1.362560;-0.983467;0.181088;0.000000
17.850;2.898033;-1.229324;-0.970486;0.241158;0.000000
17.900;2.845439;-1.051892;-0.956466;0.291844;0.000000
17.950;2.803581;-0.837168;-0.943416;0.331612;0.000000
18.000;2.773921;-0.593184;-0.933167;0.359443;0.000000
18.050;2.757485;-0.328724;-0.927133;0.374732;0.000000
18.100;2.754834;-0.053015;-0.926137;0.377188;0.000000
18.150;2.766059;0.224502;-0.930312;0.366769;0.000000
18.200;2.790777;0.494352;-0.939093;0.343664;0.000000
18.250;2.828137;0.747202;-0.951274;0.308348;0.000000
18.300;2.876841;0.974069;-0.965157;0.261670;0.000000
18.350;2.935170;1.166593;-0.978770;0.204960;0.000000
18.400;3.001040;1.317392;-0.990139;0.140091;0.000000
18.450;3.072063;1.420463;-0.997584;0.069474;0.000000
18.500;3.145642;1.471579;-0.999992;-0.004049;0.000000
18.550;3.219072;1.468599;-0.997000;-0.077402;0.000000
18.600;3.289654;1.411651;-0.989059;-0.147521;0.000000
18.650;3.354810;1.303112;-0.977355;-0.211606;0.000000
18.700;3.412181;1.147424;-0.963614;-0.267299;0.000000
18.750;3.459719;0.950759;-0.949823;-0.312788;0.000000
18.800;3.495750;0.720625;-0.937939;-0.346801;0.000000
18.850;3.519024;0.465467;-0.929614;-0.368534;0.000000
18.900;3.528740;0.194318;-0.925990;-0.377548;0.000000
18.950;3.524566;-0.083463;-0.927557;-0.373681;0.000000
19.000;3.506646;-0.358398;-0.934105;-0.357000;0.000000
19.050;3.475593;-0.621061;-0.944738;-0.327825;0.000000
19.100;3.432481;-0.862258;-0.957990;-0.286803;0.000000
19.150;3.378817;-1.073274;-0.971994;-0.235006;0.000000
19.200;3.316508;-1.246179;-0.984741;-0.174025;0.000000
19.250;3.247797;-1.374218;-0.994366;-0.106005;0.000000
19.300;3.175186;-1.452211;-0.999436;-0.033588;0.000000
19.350;3.101340;-1.476923;-0.999190;0.040241;0.000000
19.400;3.028975;-1.447315;-0.993665;0.112380;0.000000
19.450;2.960743;-1.364632;-0.983691;0.179865;0.000000
19.500;2.899128;-1.232296;-0.970749;0.240096;0.000000
19.550;2.846346;-1.055645;-0.956730;0.290976;0.000000
19.600;2.804268;-0.841560;-0.943644;0.330964;0.000000
19.650;2.774365;-0.598053;-0.933326;0.359029;0.000000
19.700;2.757670;-0.333898;-0.927203;0.374560;0.000000
19.750;2.754755;-0.058315;-0.926107;0.377262;0.000000
19.800;2.765718;0.219255;-0.930187;0.367087;0.000000
19.850;2.790184;0.489339;-0.938889;0.344220;0.000000
19.900;2.827314;0.742599;-0.951020;0.309130;0.000000
19.950;2.875817;0.970042;-0.964889;0.262658;0.000000
20.000;2.933981;1.163293;-0.978526;0.206123;0.000000
