0.000;4.931455;-0.716152;0.217318;-0.976101;0.000000
0.050;4.859739;-1.434318;0.146818;-0.989164;0.000000
0.100;4.751634;-2.162095;0.039235;-0.999230;0.000000
0.150;4.606770;-2.897279;-0.105422;-0.994428;0.000000
0.200;4.425324;-3.628928;-0.283138;-0.959079;0.000000
0.250;4.208596;-4.334571;-0.482751;-0.875758;0.000000
0.300;3.959650;-4.978909;-0.683640;-0.729819;0.000000
0.350;3.683856;-5.515874;-0.856543;-0.516076;0.000000
0.400;3.389077;-5.895577;-0.969532;-0.244966;0.000000
0.450;3.085287;-6.075811;-0.998415;0.056276;0.000000
0.500;2.783567;-6.034406;-0.936590;0.350426;0.000000
0.550;2.494738;-5.776580;-0.797983;0.602680;0.000000
0.600;2.228011;-5.334539;-0.610914;0.791697;-0.009206
0.650;1.990422;-4.751777;-0.407418;0.913242;0.001807
0.700;1.786451;-4.079423;-0.213987;0.976837;0.002910
0.750;1.618372;-3.361572;-0.047558;0.998868;-0.005706
0.800;1.486984;-2.627754;0.083714;0.996490;-0.007332
0.850;1.392303;-1.893639;0.177548;0.984112;0.006315
0.900;1.333759;-1.170871;0.234824;0.972038;-0.008614
0.950;1.310916;-0.456855;0.256965;0.966421;-0.007739
1.000;1.323626;0.254203;0.244661;0.969609;0.000092
1.050;1.371950;0.966476;0.197538;0.980295;-0.007449
1.100;1.456305;1.687098;0.114241;0.993453;-0.004196
1.150;1.577208;2.418068;-0.006412;0.999979;0.000241
1.200;1.734889;3.153607;-0.163357;0.986567;-0.001302
1.250;1.928862;3.879474;-0.350464;0.936576;0.000000
1.300;2.157290;4.568560;-0.553445;0.832886;0.000000
1.350;2.416358;5.181356;-0.748344;0.663311;0.000000
1.400;2.699828;5.669387;-0.903998;0.427536;0.000000
1.450;2.999025;5.983946;-0.989854;0.142085;0.000000
1.500;3.303449;6.088485;-0.986930;-0.161151;0.000000
1.550;3.601945;5.969919;-0.895896;-0.444264;0.000000
1.600;3.884098;5.643052;-0.736777;-0.676136;0.000000
1.650;4.141377;5.145585;-0.540484;-0.841354;0.000000
1.700;4.367705;4.526558;-0.337899;-0.941182;0.000000
1.750;4.559409;3.834083;-0.152384;-0.988321;0.000000
1.800;4.714755;3.106926;0.002366;-0.999997;0.000000
1.850;4.833314;2.371178;0.120631;-0.992697;0.000000
1.900;4.915354;1.640801;0.201575;-0.979473;0.000000
1.950;4.961362;0.920153;0.246409;-0.969166;0.000000
2.000;4.971716;0.207089;0.256431;-0.966563;0.000000
2.050;4.946513;-0.504059;0.231991;-0.972718;0.000000
2.100;4.885527;-1.219736;0.172274;-0.985049;0.000000
2.150;4.788302;-1.944486;0.075840;-0.997120;0.000000
2.200;4.654396;-2.678117;-0.057960;-0.998319;0.000000
2.250;4.483765;-3.412630;-0.226638;-0.973979;0.000000
2.300;4.277303;-4.129235;-0.421488;-0.906834;0.000000
2.350;4.037481;-4.796438;-0.624825;-0.780765;0.000000
2.400;3.768937;-5.370886;-0.809589;-0.586997;0.000000
2.450;3.478798;-5.802769;-0.943683;-0.330852;0.000000
2.500;3.176489;-6.046193;-0.999391;-0.034889;0.000000
2.550;2.872896;-6.071863;-0.964118;0.265475;0.000000
2.600;2.579069;-5.876539;-0.845912;0.533323;0.000000
2.650;2.304862;-5.484147;-0.669893;0.742457;0.000000
2.700;2.057967;-4.937884;-0.468128;0.883661;0.000000
2.750;1.843581;-4.287731;-0.269414;0.963024;0.000000
2.800;1.664621;-3.579185;-0.093688;0.995602;0.000000
2.850;1.522288;-2.846671;0.048489;0.998824;0.000000
2.900;1.416699;-2.111787;0.153489;0.988150;0.000000
2.950;1.347461;-1.384755;0.221484;0.975164;0.000000
3.000;1.314097;-0.667278;0.253890;0.967233;0.000000
3.050;1.316315;0.044364;0.251743;0.967794;0.000000
3.100;1.354136;0.756418;0.214969;0.976621;0.000000
3.150;1.427884;1.474967;0.142426;0.989805;0.000000
3.200;1.538045;2.203216;0.032745;0.999464;0.000000
3.250;1.684974;2.938572;-0.113929;0.993489;0.000000
3.300;1.868450;3.669531;-0.293278;0.956027;0.000000
3.350;2.087097;4.372928;-0.493666;0.869652;0.000000
3.400;2.337735;5.012774;-0.693935;0.720038;0.000000
3.450;2.614862;5.542542;-0.864455;0.502709;0.000000
3.500;2.910483;5.912411;-0.973413;0.229058;0.000000
3.550;3.214530;6.080940;-0.997341;-0.072873;0.000000
3.600;3.515896;6.027324;-0.930762;-0.365624;0.000000
3.650;3.803812;5.758316;-0.788630;-0.614869;0.000000
3.700;4.069108;5.305926;-0.599824;-0.800132;0.000000
3.750;4.304970;4.717229;-0.396241;-0.918146;0.000000
3.800;4.507055;4.041703;-0.203894;-0.978993;0.000000
3.850;4.673125;3.321409;-0.039254;-0.999229;0.000000
3.900;4.802437;2.586226;0.089926;-0.995948;0.000000
3.950;4.895109;1.853456;0.181705;-0.983353;0.000000
4.000;4.951607;1.129955;0.236943;-0.971524;0.000000
4.050;4.972365;0.415156;0.257057;-0.966396;0.000000
4.100;4.957571;-0.295870;0.242733;-0.970093;0.000000
4.150;4.907091;-1.009616;0.193474;-0.981105;0.000000
4.200;4.820517;-1.731464;0.107918;-0.994160;0.000000
4.250;4.697372;-2.462917;-0.015017;-0.999887;0.000000
4.300;4.537442;-3.198584;-0.174056;-0.984736;0.000000
4.350;4.341287;-3.923104;-0.362642;-0.931928;0.000000
4.400;4.110849;-4.608770;-0.565913;-0.824465;0.000000
4.450;3.850080;-5.215370;-0.759347;-0.650686;0.000000
4.500;3.565375;-5.694112;-0.911540;-0.411211;0.000000
4.550;3.265542;-5.996661;-0.992328;-0.123632;0.000000
4.600;2.961160;-6.087623;-0.983766;0.179455;0.000000
4.650;2.663381;-5.955589;-0.887819;0.460192;0.000000
4.700;2.382531;-5.617002;-0.725482;0.688241;0.000000
4.750;2.126999;-5.110629;-0.527965;0.849266;0.000000
4.800;1.902710;-4.485782;-0.325853;0.945420;0.000000
4.850;1.713201;-3.790189;-0.141924;0.989878;0.000000
4.900;1.560107;-3.061886;0.010690;0.999943;0.000000
4.950;1.443798;-2.326178;0.126658;0.991947;0.000000
5.000;1.363980;-1.596354;0.205345;0.978690;0.000000
5.050;1.320166;-0.876283;0.248015;0.968756;0.000000
5.100;1.311990;-0.163520;0.255927;0.966696;0.000000
5.150;1.339376;0.547726;0.229360;0.973342;0.000000
5.200;1.402569;1.263863;0.167435;0.985883;0.000000
5.250;1.502031;1.989226;0.068712;0.997637;0.000000
5.300;1.638193;2.723237;-0.067345;0.997730;0.000000
5.350;1.811058;3.457317;-0.237957;0.971276;0.000000
5.400;2.019655;4.171933;-0.433938;0.900943;0.000000
5.450;2.261395;4.834802;-0.636999;0.770865;0.000000
5.500;2.531493;5.401966;-0.819591;0.572949;0.000000
5.550;2.822669;5.823513;-0.949573;0.313545;0.000000
5.600;3.125379;6.054203;-0.999869;0.016213;0.000000
5.650;3.428686;6.066132;-0.959071;-0.283165;0.000000
5.700;3.721575;5.857793;-0.836472;-0.548009;0.000000
5.750;3.994305;5.454595;-0.657943;-0.753068;0.000000
5.800;4.239331;4.900525;-0.455610;-0.890179;0.000000
5.850;4.451610;4.245575;-0.257833;-0.966189;0.000000
5.900;4.628345;3.534702;-0.083945;-0.996470;0.000000
5.950;4.768423;2.801548;0.056004;-0.998431;0.000000
6.000;4.871770;2.066953;0.158707;-0.987326;0.000000
6.050;4.938797;1.340528;0.224478;-0.974479;0.000000
6.100;4.969974;0.623556;0.254746;-0.967008;0.000000
6.150;4.965579;-0.087921;0.250493;-0.968118;0.000000
6.200;4.925568;-0.800214;0.211568;-0.977363;0.000000
6.250;4.849602;-1.519309;0.136783;-0.990601;0.000000
6.300;4.737195;-2.248143;0.024804;-0.999692;0.000000
6.350;4.588012;-2.983667;-0.124057;-0.992275;0.000000
6.400;4.402325;-3.713733;-0.305119;-0.952314;0.000000
6.450;4.181605;-4.414399;-0.506209;-0.862411;0.000000
6.500;3.929159;-5.048917;-0.705572;-0.708639;0.000000
6.550;3.650644;-5.570298;-0.873207;-0.487350;0.000000
6.600;3.354201;-5.928865;-0.977484;-0.211010;0.000000
6.650;3.049995;-6.084116;-0.995808;0.091469;0.000000
6.700;2.749155;-6.016818;-0.923979;0.382442;0.000000
6.750;2.462383;-5.735436;-0.778069;0.628178;0.000000
6.800;2.198720;-5.273253;-0.587466;0.809249;0.000000
6.850;1.964828;-4.677849;-0.383914;0.923369;0.000000
6.900;1.764904;-3.998480;-0.192891;0.981220;0.000000
6.950;1.601076;-3.276547;-0.030275;0.999542;0.000000
7.000;1.474020;-2.541134;0.096626;0.995321;0.000000
7.050;1.383578;-1.808827;0.186126;0.982526;0.000000
7.100;1.329281;-1.085934;0.239174;0.970977;0.000000
7.150;1.310705;-0.371538;0.257169;0.966366;0.000000
7.200;1.327678;0.339466;0.240730;0.970592;0.000000
7.250;1.380357;1.053580;0.189290;0.981921;0.000000
7.300;1.469158;1.776028;0.101463;0.994839;0.000000
7.350;1.594557;2.507981;-0.023759;0.999718;0.000000
7.400;1.756734;3.243523;-0.184868;0.982763;0.000000
7.450;1.955063;3.966592;-0.374880;0.927074;0.000000
7.500;2.187497;4.648686;-0.578347;0.815791;0.000000
7.550;2.449943;5.248904;-0.770195;0.637809;0.000000
7.600;2.735851;5.718172;-0.918810;0.394700;0.000000
7.650;3.036280;6.008573;-0.994460;0.105118;0.000000
7.700;3.340576;6.085913;-0.980268;-0.197672;0.000000
7.750;3.637599;5.940476;-0.879490;-0.475917;0.000000
7.800;3.917115;5.590320;-0.714055;-0.700089;0.000000
7.850;4.170877;5.075229;-0.515432;-0.856930;0.000000
7.900;4.393114;4.444743;-0.313878;-0.949463;0.000000
7.950;4.580423;3.746175;-0.131584;-0.991305;0.000000
8.000;4.731264;3.016822;0.018874;-0.999822;0.000000
8.050;4.845324;2.281204;0.132544;-0.991177;0.000000
8.100;4.922921;1.551945;0.208980;-0.977920;0.000000
8.150;4.964543;0.832440;0.249491;-0.968377;0.000000
8.200;4.970541;0.119957;0.255294;-0.966863;0.000000
8.250;4.940970;-0.591413;0.226596;-0.973989;0.000000
8.300;4.875569;-1.308025;0.162457;-0.986716;0.000000
8.350;4.773869;-2.034001;0.061441;-0.998111;0.000000
8.400;4.635451;-2.768361;-0.076862;-0.997042;0.000000
8.450;4.460354;-3.501935;-0.249375;-0.968407;0.000000
8.500;4.249632;-4.214440;-0.446417;-0.894825;0.000000
8.550;4.005992;-4.872808;-0.649097;-0.760705;0.000000
8.600;3.734367;-5.432497;-0.829394;-0.558664;0.000000
8.650;3.442190;-5.843534;-0.955160;-0.296091;0.000000
8.700;3.139121;-6.061383;-0.999997;0.002472;0.000000
8.750;2.836143;-6.059565;-0.953712;0.300722;0.000000
8.800;2.544228;-5.838308;-0.826820;0.562466;0.000000
8.850;2.273004;-5.424474;-0.645904;0.763418;0.000000
8.900;2.029864;-4.862789;-0.443113;0.896466;0.000000
8.950;1.819704;-4.203214;-0.246345;0.969182;0.000000
9.000;1.645197;-3.490139;-0.074332;0.997234;0.000000
9.050;1.507375;-2.756424;0.063378;0.997990;0.000000
9.100;1.406268;-2.022153;0.163787;0.986496;0.000000
9.150;1.341451;-1.296339;0.227340;0.973815;0.000000
9.200;1.312458;-0.579854;0.255474;0.966816;0.000000
9.250;1.319032;0.131481;0.249113;0.968474;0.000000
9.300;1.361234;0.844036;0.208032;0.978122;0.000000
9.350;1.439418;1.563689;0.131000;0.991382;0.000000
9.400;1.554073;2.293099;0.016722;0.999860;0.000000
9.450;1.705511;3.028746;-0.134307;0.990940;0.000000
9.500;1.893402;3.757830;-0.317039;0.948412;0.000000
9.550;2.116183;4.455624;-0.518749;0.854927;0.000000
9.600;2.370415;5.084636;-0.717090;0.696980;0.000000
9.650;2.650287;5.597439;-0.881718;0.471777;0.000000
9.700;2.947515;5.944550;-0.981226;0.192862;0.000000
9.750;3.251837;6.086448;-0.993929;-0.110021;0.000000
9.800;3.552112;6.005500;-0.916914;-0.399086;0.000000
9.850;3.837706;5.711873;-0.767340;-0.641240;0.000000
9.900;4.099710;5.240080;-0.575062;-0.818110;0.000000
9.950;4.331617;4.638155;-0.371637;-0.928378;0.000000
10.000;4.529373;3.955101;-0.181996;-0.983299;0.000000
10.050;4.690955;3.231639;-0.021433;-0.999770;0.000000
10.100;4.815757;2.496058;0.103184;-0.994662;0.000000
10.150;4.903969;1.764235;0.190410;-0.981705;0.000000
10.200;4.956066;1.041946;0.241273;-0.970457;0.000000
10.250;4.972463;0.327932;0.257152;-0.966371;0.000000
10.300;4.953309;-0.383075;0.238596;-0.971119;0.000000
10.350;4.898431;-1.097576;0.184970;-0.982744;0.000000
10.400;4.807399;-1.820630;0.094867;-0.995490;0.000000
10.450;4.679746;-2.553061;-0.032637;-0.999467;0.000000
10.500;4.515325;-3.288419;-0.195791;-0.980646;0.000000
10.550;4.314828;-4.009930;-0.387170;-0.922008;0.000000
10.600;4.080414;-4.688297;-0.590740;-0.806862;0.000000
10.650;3.816316;-5.281946;-0.780880;-0.624682;0.000000
10.700;3.529239;-5.741556;-0.925802;-0.378010;0.000000
10.750;3.228255;-6.019676;-0.996247;-0.086554;0.000000
10.800;2.924087;-6.083358;-0.976439;0.215795;0.000000
10.850;2.627857;-5.924587;-0.870915;0.491434;0.000000
10.900;2.349707;-5.563015;-0.702504;0.711679;0.000000
10.950;2.097737;-5.039397;-0.502891;0.864350;0.000000
11.000;1.877564;-4.403451;-0.301979;0.953315;0.000000
11.050;1.692462;-3.702050;-0.121366;0.992608;0.000000
11.100;1.543875;-2.971739;0.026918;0.999638;0.000000
11.150;1.432062;-2.236255;0.138290;0.990392;0.000000
11.200;1.356683;-1.507575;0.212481;0.977165;0.000000
11.250;1.317252;-0.788625;0.250836;0.968029;0.000000
11.300;1.313432;-0.076398;0.254532;0.967064;0.000000
11.350;1.345188;0.635120;0.223699;0.974658;0.000000
11.400;1.412799;1.352225;0.157340;0.987544;0.000000
11.450;1.516740;2.078810;0.054030;0.998539;0.000000
11.500;1.657414;2.813486;-0.086510;0.996251;0.000000
11.550;1.834738;3.546478;-0.260888;0.965369;0.000000
11.600;2.047575;4.256748;-0.458920;0.888478;0.000000
11.650;2.293098;4.910445;-0.661113;0.750286;0.000000
11.700;2.566221;5.462468;-0.838990;0.544146;0.000000
11.750;2.859362;5.862824;-0.960437;0.278498;0.000000
11.800;3.162749;6.067729;-0.999776;-0.021155;0.000000
11.850;3.465357;6.052165;-0.948045;-0.318138;0.000000
11.900;3.756262;5.818095;-0.816964;-0.576688;0.000000
11.950;4.025952;5.393796;-0.633785;-0.773509;0.000000
12.000;4.267186;4.824687;-0.430641;-0.902523;0.000000
12.050;4.475219;4.160656;-0.234953;-0.972007;0.000000
12.100;4.647494;3.445502;-0.064850;-0.997895;0.000000
12.150;4.783059;2.711301;0.070611;-0.997504;0.000000
12.200;4.881928;1.977387;0.168728;-0.985663;0.000000
12.250;4.944538;1.252186;0.230069;-0.973174;0.000000
12.300;4.971346;0.536173;0.256073;-0.966658;0.000000
12.350;4.962594;-0.175045;0.247603;-0.968862;0.000000
12.400;4.918200;-0.887885;0.204361;-0.978896;0.000000
12.450;4.837794;-1.608108;0.125077;-0.992147;0.000000
12.500;4.720890;-2.338080;0.008501;-0.999964;0.000000
12.550;4.567200;-3.073803;-0.144679;-0.989479;0.000000
12.600;4.377109;-3.801812;-0.329033;-0.944318;0.000000
12.650;4.152280;-4.496594;-0.531279;-0.847197;0.000000
12.700;3.896284;-5.119920;-0.728483;-0.685064;0.000000
12.750;3.615086;-5.623956;-0.889981;-0.455998;0.000000
12.800;3.317113;-5.959456;-0.984636;-0.174621;0.000000
12.850;3.012717;-6.087933;-0.991707;0.128520;0.000000
12.900;2.713048;-5.993375;-0.909571;0.415548;0.000000
12.950;2.428666;-5.687636;-0.756451;0.654050;0.000000
13.000;2.168345;-5.206418;-0.562618;0.826717;0.000000
13.050;1.938437;-4.598161;-0.359415;0.933178;0.000000
13.100;1.742858;-3.911575;-0.171214;0.985234;0.000000
13.150;1.583524;-3.186689;-0.012727;0.999919;0.000000
13.200;1.460974;-2.450999;0.109602;0.993976;0.000000
13.250;1.374990;-1.719682;0.194558;0.980891;0.000000
13.300;1.325090;-0.997991;0.243241;0.969966;0.000000
13.350;1.310873;-0.284339;0.257006;0.966410;0.000000
13.400;1.332208;0.426697;0.236331;0.971673;0.000000
13.450;1.389288;1.141605;0.180513;0.983573;0.000000
13.500;1.482552;1.865269;0.088130;0.996109;0.000000
13.550;1.612460;2.598156;-0.041651;0.999132;0.000000
13.600;1.779123;3.333268;-0.206823;0.978378;0.000000
13.650;1.981779;4.053110;-0.399510;0.916729;0.000000
13.700;2.218158;4.727593;-0.603084;0.797678;0.000000
13.750;2.483882;5.314484;-0.791394;0.611306;0.000000
13.800;2.772095;5.764253;-0.932509;0.361147;0.000000
13.850;3.073593;6.029967;-0.997689;0.067947;0.000000
13.900;3.377591;6.079958;-0.972281;-0.233814;0.000000
13.950;3.672988;5.907930;-0.862101;-0.506737;0.000000
14.000;3.949743;5.535099;-0.690837;-0.723010;0.000000
14.050;4.199900;5.003143;-0.490348;-0.871527;0.000000
14.100;4.417996;4.361917;-0.290159;-0.956978;0.000000
14.150;4.600887;3.657821;-0.111271;-0.993790;0.000000
14.200;4.747219;2.926640;0.034823;-0.999394;0.000000
14.250;4.856786;2.191336;0.143895;-0.989593;0.000000
14.300;4.929948;1.463243;0.215847;-0.976427;0.000000
14.350;4.967190;0.744837;0.252052;-0.967714;0.000000
14.400;4.968832;0.032841;0.253641;-0.967298;0.000000
14.450;4.934889;-0.678848;0.220669;-0.975349;0.000000
14.500;4.865066;-1.396461;0.152085;-0.988367;0.000000
14.550;4.758884;-2.123653;0.046478;-0.998919;0.000000
14.600;4.615953;-2.858608;-0.096286;-0.995354;0.000000
14.650;4.436406;-3.590939;-0.272493;-0.962158;0.000000
14.700;4.221464;-4.298847;-0.471442;-0.881897;0.000000
14.750;3.974079;-4.947702;-0.673039;-0.739607;0.000000
14.800;3.699485;-5.491868;-0.848373;-0.529400;0.000000
14.850;3.405417;-5.881374;-0.965400;-0.260774;0.000000
14.900;3.101755;-6.073238;-0.999207;0.039827;0.000000
14.950;2.799558;-6.043936;-0.942074;0.335405;0.000000
15.000;2.509700;-5.797162;-0.806911;0.590673;0.000000
15.050;2.241571;-5.362574;-0.621593;0.783340;0.000000
15.100;2.002260;-4.786232;-0.418200;0.908355;0.000000
15.150;1.796364;-4.117909;-0.223660;0.974667;0.000000
15.200;1.626324;-3.400798;-0.055499;0.998459;0.000000
15.250;1.493015;-2.666182;0.077703;0.996977;0.000000
15.300;1.396382;-1.932656;0.173531;0.984828;0.000000
15.350;1.335979;-1.208069;0.232665;0.972557;0.000000
15.400;1.311353;-0.492510;0.256542;0.966533;0.000000
15.450;1.322284;0.218617;0.245962;0.969279;0.000000
15.500;1.368872;0.931764;0.200555;0.979683;0.000000
15.550;1.451501;1.652565;0.119013;0.992893;0.000000
15.600;1.570655;2.383086;0.000141;1.000000;0.000000
15.650;1.726597;3.118836;-0.155171;0.987888;0.000000
15.700;1.918881;3.845675;-0.341098;0.940028;0.000000
15.750;2.145746;4.537300;-0.543792;0.839220;0.000000
15.800;2.403483;5.154756;-0.739742;0.672890;0.000000
15.850;2.685975;5.649835;-0.897989;0.440017;0.000000
15.900;2.984654;5.973577;-0.987710;0.156295;0.000000
15.950;3.289083;6.088572;-0.989143;-0.146956;0.000000
16.000;3.588105;5.980449;-0.901959;-0.431823;0.000000
16.050;3.871242;5.662736;-0.745408;-0.666608;0.000000
16.100;4.129856;5.172279;-0.550141;-0.835072;0.000000
16.150;4.357750;4.557875;-0.347252;-0.937772;0.000000
16.200;4.551145;3.867909;-0.160546;-0.987028;0.000000
16.250;4.708230;3.141703;-0.004159;-0.999991;0.000000
16.300;4.828528;2.405960;0.115878;-0.993263;0.000000
16.350;4.912286;1.675166;0.198569;-0.980087;0.000000
16.400;4.959990;0.954067;0.245079;-0.969503;0.000000
16.450;4.972027;0.240755;0.256731;-0.966483;0.000000
16.500;4.948511;-0.470335;0.233934;-0.972253;0.000000
16.550;4.889227;-1.185670;0.175918;-0.984405;0.000000
16.600;4.793730;-1.909945;0.081251;-0.996694;0.000000
16.650;4.661567;-2.643263;-0.050800;-0.998709;0.000000
16.700;4.492664;-3.378063;-0.217961;-0.975957;0.000000
16.750;4.287858;-4.096123;-0.411894;-0.911232;0.000000
16.800;4.049529;-4.766562;-0.615373;-0.788236;0.000000
16.850;3.782204;-5.346507;-0.801730;-0.597686;0.000000
16.900;3.492891;-5.786254;-0.938927;-0.344118;0.000000
16.950;3.190919;-6.039439;-0.998784;-0.049307;0.000000
17.000;2.887134;-6.075716;-0.967800;0.251722;0.000000
17.050;2.592608;-5.890512;-0.853055;0.521821;0.000000
17.100;2.317279;-5.506582;-0.679061;0.734082;0.000000
17.150;2.068955;-4.966481;-0.477809;0.878464;0.000000
17.200;1.852947;-4.320151;-0.278422;0.960459;0.000000
17.250;1.672273;-3.613494;-0.101302;0.994856;0.000000
17.300;1.528196;-2.881529;0.042587;0.999093;0.000000
17.350;1.420874;-2.146446;0.149361;0.988783;0.000000
17.400;1.349927;-1.418949;0.219078;0.975707;0.000000
17.450;1.314873;-0.701073;0.253139;0.967430;0.000000
17.500;1.315409;0.010714;0.252621;0.967565;0.000000
17.550;1.351539;0.722600;0.217505;0.976059;0.000000
17.600;1.423575;1.440736;0.146690;0.989183;0.000000
17.650;1.532002;2.168527;0.038785;0.999248;0.000000
17.700;1.677188;2.903723;-0.106191;0.994346;0.000000
17.750;1.858953;3.635313;-0.284186;0.958769;0.000000
17.800;2.075990;4.340727;-0.483977;0.875081;0.000000
17.850;2.325218;4.984568;-0.684868;0.728668;0.000000
17.900;2.601253;5.520685;-0.857534;0.514428;0.000000
17.950;2.896211;5.899176;-0.970045;0.242926;0.000000
18.000;3.200107;6.077909;-0.998289;-0.058481;0.000000
18.050;3.501851;6.034881;-0.935806;-0.352516;0.000000
18.100;3.790627;5.775518;-0.796668;-0.604417;0.000000
18.150;4.057168;5.330818;-0.609335;-0.792913;0.000000
18.200;4.294539;4.747432;-0.405796;-0.913964;0.000000
18.250;4.498288;4.074983;-0.212469;-0.977168;0.000000
18.300;4.666090;3.356032;-0.046282;-0.998928;0.000000
18.350;4.797144;2.621071;0.084653;-0.996410;0.000000
18.400;4.891542;1.887962;0.178196;-0.983995;0.000000
18.450;4.949741;1.163987;0.235130;-0.971964;0.000000
18.500;4.972184;0.448865;0.256883;-0.966443;0.000000
18.550;4.959074;-0.262196;0.244191;-0.969727;0.000000
18.600;4.910291;-0.975672;0.196612;-0.980481;0.000000
18.650;4.825438;-1.697061;0.112808;-0.993617;0.000000
18.700;4.704032;-2.428115;-0.008357;-0.999965;0.000000
18.750;4.545840;-3.163839;-0.165780;-0.986163;0.000000
18.800;4.351370;-3.889409;-0.353228;-0.935537;0.000000
18.850;4.122483;-4.577730;-0.556283;-0.830993;0.000000
18.900;3.863026;-5.189133;-0.750860;-0.660462;0.000000
18.950;3.579273;-5.675068;-0.905737;-0.423840;0.000000
19.000;3.279928;-5.986908;-0.990447;-0.137894;0.000000
19.050;2.975509;-6.088364;-0.986240;0.165321;0.000000
19.100;2.677173;-5.966729;-0.894082;0.447904;0.000000
19.150;2.395314;-5.637184;-0.734220;0.678911;0.000000
19.200;2.138430;-5.137674;-0.537638;0.843176;0.000000
19.250;1.912565;-4.517308;-0.335154;0.942163;0.000000
19.300;1.721359;-3.824111;-0.149995;0.988687;0.000000
19.350;1.566525;-3.096685;0.004271;0.999991;0.000000
19.400;1.448478;-2.360942;0.122014;0.992528;0.000000
19.450;1.366943;-1.630689;0.202444;0.979294;0.000000
19.500;1.321435;-0.910173;0.246785;0.969070;0.000000
19.550;1.311576;-0.197180;0.256327;0.966590;0.000000
19.600;1.337275;0.513988;0.231405;0.972858;0.000000
19.650;1.398764;1.229769;0.171186;0.985239;0.000000
19.700;1.496496;1.954658;0.074232;0.997241;0.000000
19.750;1.630915;2.688378;-0.060083;0.998193;0.000000
19.800;1.802055;3.422799;-0.229203;0.973379;0.000000
19.850;2.009003;4.138962;-0.424317;0.905514;0.000000
19.900;2.249263;4.805194;-0.627600;0.778536;0.000000
19.950;2.518163;5.378002;-0.811881;0.583823;0.000000
20.000;2.808541;5.807549;-0.945049;0.326929;0.000000
