0.000;4.743728;-0.729510;0.031334;-0.999509;0.000000
0.050;4.670483;-1.464899;-0.041894;-0.999122;0.000000
0.100;4.560483;-2.200003;-0.151323;-0.988484;0.000000
0.150;4.414119;-2.927280;-0.293867;-0.955846;0.000000
0.200;4.232591;-3.630544;-0.461600;-0.887088;0.000000
0.250;4.018431;-4.283219;-0.639585;-0.768720;0.000000
0.300;3.775990;-4.848805;-0.805429;-0.592692;0.000000
0.350;3.511746;-5.284879;-0.932272;-0.361759;0.000000
0.400;3.234194;-5.551043;-0.995716;-0.092469;0.000000
0.450;2.953240;-5.619077;-0.982314;0.187241;0.000000
0.500;2.679175;-5.481314;-0.894976;0.446114;0.000000
0.550;2.421520;-5.153086;-0.751758;0.659439;0.000000
0.600;2.188125;-4.667904;-0.578859;0.815428;0.000000
0.650;1.984727;-4.067953;-0.402212;0.915547;0.000000
0.700;1.815010;-3.394340;-0.241794;0.970328;0.000000
0.750;1.680989;-2.680421;-0.109970;0.993935;0.000000
0.800;1.583533;-1.949133;-0.012736;0.999919;0.000000
0.850;1.522861;-1.213443;0.047917;0.998851;0.000000
0.900;1.498934;-0.478538;0.071801;0.997419;0.000000
0.950;1.511699;0.255313;0.059063;0.998254;0.000000
1.000;1.561188;0.989778;0.009608;0.999954;0.000000
1.050;1.647463;1.725494;-0.076592;0.997063;0.000000
1.100;1.770417;2.459083;-0.198298;0.980142;0.000000
1.150;1.929428;3.180223;-0.350993;0.936378;0.000000
1.200;2.122886;3.869163;-0.524468;0.851430;0.000000
1.250;2.347667;4.495603;-0.701051;0.713111;0.000000
1.300;2.598680;5.020274;-0.856208;0.516632;0.000000
1.350;2.868700;5.400386;-0.962995;0.269519;0.000000
1.400;3.148634;5.598684;-0.999975;-0.007041;0.000000
1.450;3.428309;5.593504;-0.959178;-0.282804;0.000000
1.500;3.697580;5.385431;-0.849380;-0.527783;0.000000
1.550;3.947436;4.997115;-0.692503;-0.721415;0.000000
1.600;4.170753;4.466334;-0.515539;-0.856866;0.000000
1.650;4.362548;3.835894;-0.342749;-0.939427;0.000000
1.700;4.519783;3.144711;-0.191417;-0.981509;0.000000
1.750;4.640911;2.422566;-0.071417;-0.997447;0.000000
1.800;4.725346;1.688694;0.012957;-0.999916;0.000000
1.850;4.772996;0.953006;0.060570;-0.998164;0.000000
1.900;4.783927;0.218607;0.071477;-0.997442;0.000000
1.950;4.758164;-0.515261;0.045759;-0.998953;0.000000
2.000;4.695652;-1.250240;-0.016737;-0.999860;0.000000
2.050;4.596357;-1.985887;-0.115771;-0.993276;0.000000
2.100;4.460523;-2.716690;-0.249212;-0.968449;0.000000
2.150;4.289061;-3.429226;-0.410796;-0.911727;0.000000
2.200;4.084060;-4.100029;-0.587794;-0.809011;0.000000
2.250;3.849297;-4.695260;-0.759856;-0.650091;0.000000
2.300;3.590619;-5.173564;-0.900870;-0.434088;0.000000
2.350;3.315972;-5.492945;-0.984834;-0.173497;0.000000
2.400;3.034942;-5.620595;-0.994318;0.106449;0.000000
2.450;2.757828;-5.542275;-0.927262;0.374414;0.000000
2.500;2.494488;-5.266800;-0.797833;0.602879;0.000000
2.550;2.253327;-4.823232;-0.630758;0.775979;0.000000
2.600;2.040711;-4.252305;-0.452810;0.891607;0.000000
2.650;1.860896;-3.596306;-0.286048;0.958215;0.000000
2.700;1.716331;-2.891299;-0.145022;0.989429;0.000000
2.750;1.608165;-2.163327;-0.037360;0.999302;0.000000
2.800;1.536760;-1.428090;0.034030;0.999421;0.000000
2.850;1.502122;-0.692766;0.068620;0.997643;0.000000
2.900;1.504184;0.041249;0.066563;0.997782;0.000000
2.950;1.542953;0.775368;0.027840;0.999612;0.000000
3.000;1.618494;1.510832;-0.047680;0.998863;0.000000
3.050;1.730782;2.245746;-0.159304;0.987230;0.000000
3.100;1.879387;2.972100;-0.303716;0.952763;0.000000
3.150;2.063041;3.673095;-0.472606;0.881274;0.000000
3.200;2.279135;4.321867;-0.650573;0.759444;0.002496
3.250;2.523164;4.880588;-0.814791;0.579755;-0.000265
3.300;2.788471;5.306132;-0.938298;0.345829;-0.006737
3.350;3.066542;5.561423;-0.997185;0.074980;0.005646
3.400;3.347385;5.616852;-0.978899;-0.204342;0.001748
3.450;3.620678;5.465876;-0.887417;-0.460968;-0.004208
3.500;3.876957;5.125578;-0.741586;-0.670857;-0.007603
3.550;4.108602;4.632889;-0.567764;-0.823191;0.005961
3.600;4.309941;4.026779;-0.391672;-0.920105;-0.002977
3.650;4.477498;3.351150;-0.232737;-0.972540;0.008922
3.700;4.609203;2.634106;-0.103003;-0.994681;-0.009991
3.750;4.704245;1.900827;-0.008144;-0.999967;-0.009616
3.800;4.762514;1.165384;0.050104;-0.998744;0.001888
3.850;4.784071;0.431143;0.071621;-0.997432;0.003901
3.900;4.768899;-0.303436;0.056480;-0.998404;-0.004792
3.950;4.717023;-1.037534;0.004634;-0.999989;0.003182
4.000;4.628338;-1.773692;-0.083952;-0.996470;-0.002770
4.050;4.502965;-2.507467;-0.207897;-0.978151;-0.004147
4.100;4.341583;-3.227628;-0.362367;-0.932036;-0.003248
4.150;4.145947;-3.912724;-0.536633;-0.843816;0.004328
4.200;3.919196;-4.535023;-0.712597;-0.701573;-0.009741
4.250;3.666693;-5.050050;-0.865273;-0.501300;0.007703
4.300;3.395803;-5.417799;-0.967862;-0.251482;0.007218
4.350;3.115730;-5.601471;-0.999666;0.025860;0.009037
4.400;2.836666;-5.581276;-0.953869;0.300223;0.007790
4.450;2.568643;-5.360455;-0.840306;0.542113;-0.000456
4.500;2.320556;-4.961753;-0.681463;0.731853;-0.001047
4.550;2.099415;-4.422821;-0.504341;0.863505;0.003138
4.600;1.909994;-3.788414;-0.332731;0.943022;-0.006107
4.650;1.755242;-3.095031;-0.183402;0.983038;-0.002970
4.700;1.636580;-2.373248;-0.065736;0.997837;-0.009917
4.750;1.554644;-1.638711;0.016151;0.999870;0.002527
4.800;1.509556;-0.901762;0.061202;0.998125;0.008628
4.850;1.501194;-0.167244;0.069546;0.997579;0.000982
4.900;1.529588;0.567882;0.041196;0.999151;0.007721
4.950;1.594739;1.303008;-0.023940;0.999713;0.000000
5.000;1.696666;2.038547;-0.125538;0.992089;0.000000
5.050;1.835090;2.768476;-0.261227;0.965277;0.000000
5.100;2.009024;3.478679;-0.424335;0.905505;0.000000
5.150;2.216269;4.144905;-0.601576;0.798816;0.000000
5.200;2.452901;4.732633;-0.772078;0.635528;0.000000
5.250;2.712912;5.200223;-0.909515;0.415671;0.000000
5.300;2.988214;5.506053;-0.988261;0.152778;0.000000
5.350;3.269137;5.618459;-0.991877;-0.127199;0.000000
5.400;3.545381;5.524872;-0.919579;-0.392905;0.000000
5.450;3.807171;5.235793;-0.786560;-0.617514;0.000000
5.500;4.046243;4.781457;-0.617960;-0.786209;0.000000
5.550;4.256393;4.203003;-0.440356;-0.897823;0.000000
5.600;4.433515;3.542430;-0.275273;-0.961366;0.000000
5.650;4.575270;2.835105;-0.136689;-0.990614;0.000000
5.700;4.680583;2.106261;-0.031800;-0.999494;0.000000
5.750;4.749127;1.370883;0.036730;-0.999325;0.000000
5.800;4.780909;0.635629;0.068466;-0.997653;0.000000
5.850;4.775989;-0.098394;0.063557;-0.997978;0.000000
5.900;4.734356;-0.832657;0.021966;-0.999759;0.000000
5.950;4.655945;-1.568229;-0.056414;-0.998407;0.000000
6.000;4.540805;-2.302808;-0.170744;-0.985316;0.000000
6.050;4.389417;-3.027754;-0.317386;-0.948296;0.000000
6.100;4.203144;-3.725462;-0.487518;-0.873113;0.000000
6.150;3.984751;-4.367855;-0.665108;-0.746747;0.000000
6.200;3.738887;-4.917274;-0.826860;-0.562408;0.000000
6.250;3.472334;-5.331066;-0.945802;-0.324744;0.000000
6.300;3.193834;-5.569996;-0.998636;-0.052218;0.000000
6.350;2.913413;-5.608416;-0.974080;0.226204;0.000000
6.400;2.641314;-5.441986;-0.877449;0.479670;0.000000
6.450;2.386861;-5.089069;-0.728455;0.685094;0.000000
6.500;2.157610;-4.585011;-0.553711;0.832709;0.000000
6.550;1.958993;-3.972345;-0.378520;0.925593;0.000000
6.600;1.794426;-3.291340;-0.221770;0.975099;0.000000
6.650;1.665730;-2.573911;-0.094791;0.995497;0.000000
6.700;1.573657;-1.841474;-0.002860;0.999996;0.000000
6.750;1.518370;-1.105727;0.052402;0.998626;0.000000
6.800;1.499821;-0.370988;0.070916;0.997482;0.000000
6.850;1.517966;0.362910;0.052805;0.998605;0.000000
6.900;1.572848;1.097633;-0.002052;0.999998;0.000000
6.950;1.664517;1.833382;-0.093584;0.995611;0.000000
7.000;1.792812;2.565903;-0.220196;0.975456;0.000000
7.050;1.956992;3.283594;-0.376667;0.926349;0.000000
7.100;2.155250;3.965155;-0.551744;0.834014;0.000000
7.150;2.384189;4.578781;-0.726622;0.687037;0.000000
7.200;2.638402;5.084269;-0.876048;0.482223;0.000000
7.250;2.910355;5.439065;-0.973384;0.229182;0.000000
7.300;3.190740;5.607685;-0.998793;-0.049127;0.000000
7.350;3.469317;5.571540;-0.946777;-0.321889;0.000000
7.400;3.736052;5.334710;-0.828451;-0.560061;0.000000
7.450;3.982184;4.922645;-0.667022;-0.745038;0.000000
7.500;4.200908;4.374484;-0.489469;-0.872021;0.000000
7.550;4.387553;3.732894;-0.319153;-0.947703;0.000000
7.600;4.539334;3.035622;-0.172192;-0.985063;0.000000
7.650;4.654877;2.310861;-0.057480;-0.998347;0.000000
7.700;4.733694;1.576328;0.021303;-0.999773;0.000000
7.750;4.775731;0.840745;0.063300;-0.997995;0.000000
7.800;4.781054;0.106470;0.068612;-0.997643;0.000000
7.850;4.749677;-0.627546;0.037280;-0.999305;0.000000
7.900;4.681538;-1.362785;-0.030846;-0.999524;0.000000
7.950;4.576629;-2.098185;-0.135344;-0.990799;0.000000
8.000;4.435270;-2.827165;-0.273585;-0.961848;0.000000
8.050;4.258528;-3.534844;-0.438439;-0.898761;0.000000
8.100;4.048723;-4.196108;-0.616009;-0.787739;0.000000
8.150;3.809938;-4.775687;-0.784848;-0.619689;0.000000
8.200;3.548358;-5.231623;-0.918406;-0.395640;0.000000
8.250;3.272222;-5.522715;-0.991480;-0.130258;0.000000
8.300;2.991294;-5.618552;-0.988726;0.149733;0.000000
8.350;2.715875;-5.508386;-0.910743;0.412975;0.000000
8.400;2.455648;-5.204540;-0.773821;0.633404;0.000000
8.450;2.218722;-4.738513;-0.603534;0.797337;0.000000
8.500;2.011129;-4.151871;-0.426240;0.904610;0.000000
8.550;1.836813;-3.486305;-0.262891;0.964826;0.000000
8.600;1.697992;-2.776434;-0.126853;0.991922;0.000000
8.650;1.595660;-2.046628;-0.024861;0.999691;0.000000
8.700;1.530105;-1.311105;0.040680;0.999172;0.000000
8.750;1.501307;-0.575964;0.069434;0.997587;0.000000
8.800;1.509207;0.158010;0.061550;0.998104;0.000000
8.850;1.553826;0.892365;0.016970;0.999856;0.000000
8.900;1.635226;1.628009;-0.064385;0.997925;0.000000
8.950;1.753338;2.362232;-0.181529;0.983386;0.000000
9.000;1.907626;3.085758;-0.330496;0.943807;0.000000
9.050;2.096634;3.780165;-0.501938;0.864904;0.000000
9.100;2.317460;4.416518;-0.679194;0.733959;0.000000
9.150;2.565286;4.956528;-0.838481;0.544931;0.000000
9.200;2.833159;5.357461;-0.952810;0.303566;0.000000
9.250;3.112200;5.580810;-0.999568;0.029389;0.000000
9.300;3.392321;5.602433;-0.968732;-0.248110;0.000000
9.350;3.663316;5.419886;-0.866962;-0.498375;0.000000
9.400;3.915976;5.053207;-0.714852;-0.699275;0.000000
9.450;4.142912;4.538715;-0.539192;-0.842183;0.000000
9.500;4.338866;3.919079;-0.364898;-0.931047;0.000000
9.550;4.500569;3.234061;-0.210240;-0.977650;0.000000
9.600;4.626306;2.514755;-0.085976;-0.996297;0.000000
9.650;4.715393;1.781729;0.003004;-0.999995;0.000000
9.700;4.767692;1.045982;0.055275;-0.998471;0.000000
9.750;4.783260;0.311357;0.070812;-0.997490;0.000000
9.800;4.762133;-0.422546;0.049723;-0.998763;0.000000
9.850;4.704263;-1.157386;-0.008126;-0.999967;0.000000
9.900;4.609608;-1.893111;-0.102600;-0.994723;0.000000
9.950;4.478359;-2.624979;-0.231900;-0.972740;0.000000
10.000;4.311325;-3.340672;-0.390398;-0.920646;0.000000
10.050;4.110423;-4.018037;-0.566264;-0.824224;0.000000
10.100;3.879200;-4.624460;-0.740080;-0.672519;0.000000
10.150;3.623237;-5.119266;-0.886234;-0.463237;0.000000
10.200;3.350232;-5.460093;-0.978314;-0.207129;0.000000
10.250;3.069608;-5.612488;-0.997410;0.071923;0.000000
10.300;2.791629;-5.559571;-0.939385;0.342863;0.000000
10.350;2.526264;-5.307310;-0.816584;0.577227;0.000000
10.400;2.282133;-4.882615;-0.652847;0.757490;0.000000
10.450;2.065869;-4.325292;-0.475095;0.879934;0.000000
10.500;1.881975;-3.677880;-0.306181;0.951973;0.000000
10.550;1.733101;-2.977466;-0.161593;0.986857;0.000000
10.600;1.620532;-2.251385;-0.049715;0.998763;0.000000
10.650;1.544705;-1.516545;0.026089;0.999660;0.000000
10.700;1.505653;-0.781045;0.065098;0.997879;0.000000
10.750;1.503310;-0.046856;0.067435;0.997724;0.000000
10.800;1.537671;0.687219;0.033120;0.999451;0.000000
10.850;1.608799;1.422565;-0.037993;0.999278;0.000000
10.900;1.716688;2.157784;-0.145375;0.989377;0.000000
10.950;1.860974;2.885718;-0.286123;0.958193;0.000000
11.000;2.040509;3.590709;-0.452631;0.891698;0.000000
11.050;2.252848;4.246776;-0.630387;0.776281;0.000000
11.100;2.493744;4.817924;-0.797384;0.603472;0.000000
11.150;2.756841;5.261929;-0.926892;0.375329;0.000000
11.200;3.033745;5.538077;-0.994190;0.107639;0.000000
11.250;3.314608;5.617272;-0.985070;-0.172154;0.000000
11.300;3.589139;5.490610;-0.901512;-0.432755;0.000000
11.350;3.847750;5.172211;-0.760861;-0.648914;0.000000
11.400;4.082488;4.694772;-0.589065;-0.808086;0.000000
11.450;4.287499;4.100223;-0.412220;-0.911084;0.000000
11.500;4.458994;3.429893;-0.250692;-0.968067;0.000000
11.550;4.594876;2.717638;-0.117243;-0.993103;0.000000
11.600;4.694224;1.986962;-0.018164;-0.999835;0.000000
11.650;4.756790;1.251333;0.044387;-0.999014;0.000000
11.700;4.782606;0.516308;0.070159;-0.997536;0.000000
11.750;4.771724;-0.217629;0.059301;-0.998240;0.000000
11.800;4.724120;-0.952084;0.011731;-0.999931;0.000000
11.850;4.639731;-1.687783;-0.072594;-0.997362;0.000000
11.900;4.518652;-2.421592;-0.192528;-0.981292;0.000000
11.950;4.361473;-3.143577;-0.343758;-0.939058;0.000000
12.000;4.169748;-3.834489;-0.516399;-0.856348;0.000000
12.050;3.946521;-4.464547;-0.693163;-0.720781;0.000000
12.100;3.696778;-4.994862;-0.849803;-0.527101;0.000000
12.150;3.427644;-5.382676;-0.959366;-0.282166;0.000000
12.200;3.148130;-5.590280;-0.999979;-0.006537;0.000000
12.250;2.868376;-5.595089;-0.962908;0.269831;0.000000
12.300;2.598547;-5.396562;-0.856139;0.516746;0.000000
12.350;2.347729;-5.016366;-0.701096;0.713067;0.000000
12.400;2.123143;-4.491727;-0.524686;0.851296;0.000000
12.450;1.929873;-3.865386;-0.351410;0.936222;0.000000
12.500;1.771045;-3.176561;-0.198913;0.980017;0.000000
12.550;1.648270;-2.455513;-0.077396;0.997000;0.000000
12.600;1.562171;-1.721970;0.008625;0.999963;0.000000
12.650;1.512859;-0.986248;0.057905;0.998322;0.000000
12.700;1.500272;-0.251732;0.070466;0.997514;0.000000
12.750;1.524382;0.482189;0.046398;0.998923;0.000000
12.800;1.585239;1.217146;-0.014442;0.999896;0.000000
12.850;1.682880;1.952820;-0.111849;0.993725;0.000000
12.900;1.817078;2.683953;-0.243799;0.969826;0.000000
12.950;1.986953;3.397502;-0.404248;0.914649;0.000000
13.000;2.190475;4.070456;-0.580774;0.814065;0.000000
13.050;2.423946;4.669404;-0.753355;0.657614;0.000000
13.100;2.681608;5.153243;-0.896059;0.443934;0.000000
13.150;2.955601;5.479868;-0.982753;0.184921;0.000000
13.200;3.236398;5.615923;-0.995509;-0.094663;0.000000
13.250;3.513711;5.546275;-0.931559;-0.363590;0.000000
13.300;3.777649;5.278764;-0.804444;-0.594028;0.000000
13.350;4.019735;4.841708;-0.638582;-0.769554;0.000000
13.400;4.233510;4.275509;-0.460784;-0.887512;0.000000
13.450;4.414636;3.622522;-0.293372;-0.955998;0.000000
13.500;4.560594;2.919146;-0.151213;-0.988501;0.000000
13.550;4.670186;2.191856;-0.042190;-0.999110;0.000000
13.600;4.743025;1.456761;0.030631;-0.999531;0.000000
13.650;4.779092;0.721357;0.066654;-0.997776;0.000000
13.700;4.778454;-0.012757;0.066018;-0.997818;0.000000
13.750;4.741109;-0.746902;0.028717;-0.999588;0.000000
13.800;4.666992;-1.482349;-0.045381;-0.998970;0.000000
13.850;4.556125;-2.217341;-0.155629;-0.987816;0.000000
13.900;4.408919;-2.944126;-0.298834;-0.954305;0.000000
13.950;4.226606;-3.646256;-0.466901;-0.884310;0.000000
14.000;4.011761;-4.296887;-0.644697;-0.764438;0.000000
14.050;3.768796;-4.859322;-0.809672;-0.586882;0.000000
14.100;3.504239;-5.291121;-0.934961;-0.354750;0.000000
14.150;3.226633;-5.552128;-0.996386;-0.084938;0.000000
14.200;2.945902;-5.614621;-0.980914;0.194444;0.000000
14.250;2.672324;-5.471559;-0.891899;0.452234;0.000000
14.300;2.415383;-5.138827;-0.747696;0.664041;0.000000
14.350;2.182870;-4.650259;-0.574566;0.818458;0.000000
14.400;1.980466;-4.048079;-0.398306;0.917253;0.000000
14.450;1.811805;-3.373210;-0.238682;0.971098;0.000000
14.500;1.678869;-2.658725;-0.107862;0.994166;0.000000
14.550;1.582506;-1.927268;-0.011709;0.999931;0.000000
14.600;1.522927;-1.191568;0.047851;0.998855;0.000000
14.650;1.500094;-0.456661;0.070643;0.997502;0.000000
14.700;1.513957;0.277251;0.056809;0.998385;0.000000
14.750;1.564547;1.011813;0.006249;0.999980;0.000000
14.800;1.651925;1.747548;-0.081039;0.996711;0.000000
14.850;1.775969;2.480879;-0.203736;0.979026;0.000000
14.900;1.936028;3.201197;-0.357166;0.934041;0.000000
14.950;2.130449;3.888417;-0.530892;0.847439;0.000000
15.000;2.356045;4.511921;-0.707001;0.707212;0.000000
15.050;2.607658;5.032252;-0.860811;0.508924;0.000000
15.100;2.877993;5.406693;-0.965458;0.260558;0.000000
15.150;3.157913;5.598399;-0.999867;-0.016319;0.000000
15.200;3.437232;5.586391;-0.956616;-0.291352;0.000000
15.250;3.705834;5.372030;-0.844995;-0.534775;0.000000
15.300;3.954762;4.978569;-0.687199;-0.726469;0.000000
15.350;4.176966;4.444070;-0.510205;-0.860053;0.000000
15.400;4.367530;3.811286;-0.338064;-0.941123;0.000000
15.450;4.523473;3.118855;-0.187795;-0.982208;0.000000
15.500;4.643282;2.396195;-0.069052;-0.997613;0.000000
15.550;4.726392;1.662201;0.014003;-0.999902;0.000000
15.600;4.772719;0.926523;0.060293;-0.998181;0.000000
15.650;4.782324;0.192112;0.069878;-0.997556;0.000000
15.700;4.755232;-0.541840;0.042830;-0.999082;0.000000
15.750;4.691387;-1.276915;-0.021001;-0.999779;0.000000
15.800;4.590761;-2.012502;-0.121328;-0.992612;0.000000
15.850;4.453620;-2.742817;-0.255890;-0.966706;0.000000
15.900;4.280917;-3.454071;-0.418208;-0.908351;0.000000
15.950;4.074797;-4.122390;-0.595262;-0.803532;0.000000
16.000;3.839118;-4.713589;-0.766434;-0.642323;0.000000
16.050;3.579809;-5.186178;-0.905510;-0.424325;0.000000
16.100;3.304890;-5.498375;-0.986697;-0.162573;0.000000
16.150;3.023991;-5.617988;-0.993093;0.117331;0.000000
16.200;2.747408;-5.531662;-0.923310;0.384056;0.000000
16.250;2.484953;-5.249093;-0.792048;0.610459;0.000000
16.300;2.244956;-4.799948;-0.624241;0.781232;0.000000
16.350;2.033698;-4.225157;-0.446546;0.894761;0.000000
16.400;1.855356;-3.566837;-0.280735;0.959785;0.000000
16.450;1.712322;-2.860675;-0.141054;0.990002;0.000000
16.500;1.605708;-2.132281;-0.034905;0.999391;0.000000
16.550;1.535859;-1.396979;0.034930;0.999390;0.000000
16.600;1.502776;-0.661678;0.067968;0.997687;0.000000
16.650;1.506394;0.072371;0.064358;0.997927;0.000000
16.700;1.546724;0.806595;0.024070;0.999710;0.000000
16.750;1.623830;1.542132;-0.053009;0.998594;0.000000
16.800;1.737673;2.276848;-0.166103;0.986108;0.000000
16.850;1.887792;3.002377;-0.311713;0.950176;0.000000
16.900;2.072865;3.701469;-0.481240;0.876589;0.000000
16.950;2.290186;4.346419;-0.658926;0.752208;0.000000
17.000;2.535179;4.899857;-0.821697;0.569924;0.000000
17.050;2.801138;5.319178;-0.942603;0.333916;0.000000
17.100;3.079381;5.564857;-0.998065;0.062172;0.000000
17.150;3.359911;5.610600;-0.976263;-0.216588;0.000000
17.200;3.632473;5.451245;-0.881918;-0.471402;0.000000
17.250;3.887693;5.104411;-0.734341;-0.678781;0.000000
17.300;4.117943;4.604998;-0.560050;-0.828459;0.000000
17.350;4.317716;3.995460;-0.384506;-0.923122;0.000000
17.400;4.483530;3.316272;-0.226866;-0.973926;0.000000
17.450;4.613515;2.599706;-0.098713;-0.995116;0.000000
17.500;4.706893;1.867550;-0.005496;-0.999985;0.000000
17.550;4.763483;1.131811;0.051072;-0.998695;0.000000
17.600;4.783334;0.397021;0.070886;-0.997484;0.000000
17.650;4.766490;-0.336878;0.054075;-0.998537;0.000000
17.700;4.712913;-1.071552;0.000524;-1.000000;0.000000
17.750;4.622548;-1.807302;-0.089720;-0.995967;0.000000
17.800;4.495543;-2.540084;-0.215150;-0.976581;0.000000
17.850;4.332613;-3.258604;-0.370712;-0.928748;0.000000
17.900;4.135517;-3.941930;-0.545405;-0.838173;0.000000
17.950;3.907586;-4.558616;-0.720694;-0.693253;0.000000
18.000;3.654152;-5.068677;-0.871492;-0.490409;0.000000
18.050;3.382677;-5.429495;-0.971080;-0.238756;0.000000
18.100;3.102419;-5.605160;-0.999233;0.039163;0.000000
18.150;2.823602;-5.576346;-0.949866;0.312659;0.000000
18.200;2.556287;-5.346307;-0.833543;0.552454;0.000000
18.250;2.309295;-4.939839;-0.673178;0.739480;0.000000
18.300;2.089506;-4.395766;-0.495760;0.868459;0.000000
18.350;1.901667;-3.756798;-0.324866;0.945760;0.000000
18.400;1.748619;-3.060955;-0.176887;0.984231;0.000000
18.450;1.631778;-2.336807;-0.060944;0.998141;0.000000
18.500;1.551657;-1.602424;0.019138;0.999817;0.000000
18.550;1.508317;-0.866809;0.062439;0.998049;0.000000
18.600;1.501692;-0.132494;0.069049;0.997613;0.000000
18.650;1.531767;0.601499;0.039019;0.999238;0.000000
18.700;1.598602;1.336689;-0.027802;0.999613;0.000000
18.750;1.702209;2.072155;-0.131035;0.991378;0.000000
18.800;1.842287;2.801561;-0.268168;0.963372;0.000000
18.850;2.017805;3.510362;-0.432270;0.901744;0.000000
18.900;2.226496;4.173820;-0.609714;0.792621;0.000000
18.950;2.464346;4.756991;-0.779301;0.626650;0.000000
19.000;2.725249;5.218049;-0.914574;0.404420;0.000000
19.050;3.001029;5.515601;-0.990137;0.140102;0.000000
19.100;3.281962;5.618680;-0.990164;-0.139909;0.000000
19.150;3.557750;5.515742;-0.914649;-0.404248;0.000000
19.200;3.818665;5.218316;-0.779410;-0.626514;0.000000
19.250;4.056533;4.757359;-0.609838;-0.792526;0.000000
19.300;4.265246;4.174257;-0.432391;-0.901686;0.000000
19.350;4.440788;3.510842;-0.268274;-0.963343;0.000000
19.400;4.580891;2.802062;-0.131119;-0.991367;0.000000
19.450;4.684525;2.072664;-0.027861;-0.999612;0.000000
19.500;4.751385;1.337200;0.038986;-0.999240;0.000000
19.550;4.781485;0.602009;0.069041;-0.997614;0.000000
19.600;4.774886;-0.131985;0.062456;-0.998048;0.000000
19.650;4.731571;-0.866299;0.019181;-0.999816;0.000000
19.700;4.651475;-1.601914;-0.060876;-0.998145;0.000000
19.750;4.534660;-2.336299;-0.176795;-0.984248;0.000000
19.800;4.381637;-3.060459;-0.324754;-0.945798;0.000000
19.850;4.193821;-3.756330;-0.495637;-0.868530;0.000000
19.900;3.974053;-4.395351;-0.673058;-0.739590;0.000000
19.950;3.727078;-4.939504;-0.833444;-0.552604;0.000000
20.000;3.459774;-5.346083;-0.949806;-0.312840;0.000000
