0.000;0.088189;0.057294;0.996114;0.088075;0.000000
0.050;0.094294;0.122095;0.995558;0.094155;0.000000
0.100;0.103863;0.191369;0.994611;0.103676;0.000000
0.150;0.117245;0.267649;0.993135;0.116977;0.000000
0.200;0.134931;0.353714;0.990911;0.134522;0.000000
0.250;0.157565;0.452689;0.987612;0.156914;0.000000
0.300;0.185972;0.568138;0.982757;0.184902;0.000000
0.350;0.221181;0.704180;0.975639;0.219382;0.000000
0.400;0.264461;0.865591;0.965234;0.261389;0.000000
0.450;0.317356;1.057907;0.950064;0.312056;0.000000
0.500;0.381731;1.287502;0.928021;0.372528;0.000000
0.550;0.459788;1.561128;0.896147;0.443758;-0.003076
0.600;0.554099;1.886218;0.850375;0.526177;-0.009368
0.650;0.667835;2.274736;0.785164;0.619288;0.009227
0.700;0.804389;2.731080;0.693551;0.720407;0.004683
0.750;0.967406;3.260334;0.567437;0.823417;-0.005238
0.800;1.160764;3.867157;0.398639;0.917108;0.006627
0.850;1.387797;4.540668;0.181979;0.983302;-0.008336
0.900;1.651046;5.264973;-0.080164;0.996782;0.005595
0.950;1.950926;5.997597;-0.371041;0.928617;-0.005053
1.000;2.284955;6.680588;-0.654982;0.755644;-0.001590
1.050;2.646805;7.236989;-0.880069;0.474845;0.002905
1.100;3.026065;7.585214;-0.993334;0.115270;-0.007616
1.150;3.409530;7.669296;-0.964319;-0.264743;-0.004856
1.200;3.783187;7.473139;-0.801143;-0.598474;-0.009146
1.250;4.134835;7.032964;-0.545976;-0.837801;0.001008
1.300;4.455683;6.416951;-0.253896;-0.967232;0.002661
1.350;4.740946;5.705261;0.028553;-0.999592;-0.000329
1.400;4.989484;4.970770;0.273563;-0.961854;0.006394
1.450;5.202648;4.263277;0.470855;-0.882211;0.001273
1.500;5.383320;3.613429;0.621715;-0.783243;-0.005074
1.550;5.535118;3.035957;0.733005;-0.680224;-0.008005
1.600;5.661852;2.534697;0.813103;-0.582120;-0.005237
1.650;5.767221;2.107364;0.869817;-0.493374;0.006414
1.700;5.854494;1.745471;0.909511;-0.415681;0.007377
1.750;5.926485;1.439818;0.937054;-0.349184;0.001230
1.800;5.985657;1.183431;0.956064;-0.293158;0.003496
1.850;6.034098;0.968821;0.969138;-0.246520;0.007212
1.900;6.073505;0.788154;0.978098;-0.208147;0.004730
1.950;6.105232;0.634532;0.984208;-0.177016;-0.003182
2.000;6.130442;0.504200;0.988357;-0.152150;-0.000624
2.050;6.149995;0.391057;0.991143;-0.132797;-0.007986
2.100;6.164665;0.293396;0.992985;-0.118243;0.000293
2.150;6.175029;0.207279;0.994157;-0.107946;0.005877
2.200;6.181393;0.127295;0.994824;-0.101616;-0.003753
2.250;6.184034;0.052814;0.995089;-0.098989;0.001886
2.300;6.182987;-0.020944;0.994984;-0.100031;-0.006177
2.350;6.178260;-0.094531;0.994500;-0.104733;0.000068
2.400;6.169724;-0.170732;0.993570;-0.113218;0.005709
2.450;6.157041;-0.253651;0.992054;-0.125810;0.002541
2.500;6.139669;-0.347440;0.989719;-0.143024;-0.008164
2.550;6.116985;-0.453686;0.986220;-0.165436;-0.006773
2.600;6.088252;-0.574662;0.981061;-0.193701;0.004961
2.650;6.052432;-0.716395;0.973494;-0.228711;0.005215
2.700;6.008168;-0.885272;0.962421;-0.271563;-0.004015
2.750;5.953859;-1.086185;0.946260;-0.323406;-0.007405
2.800;5.887616;-1.324866;0.922777;-0.385334;-0.004902
2.850;5.807242;-1.607476;0.888861;-0.458177;0.005995
2.900;5.710072;-1.943396;0.840217;-0.542250;0.007894
2.950;5.592981;-2.341813;0.771116;-0.636694;0.003628
3.000;5.452508;-2.809474;0.674376;-0.738388;0.005242
3.050;5.284798;-3.354192;0.541659;-0.840598;-0.009653
3.100;5.086199;-3.971993;0.365165;-0.930943;0.004459
3.150;4.853292;-4.658134;0.140437;-0.990090;-0.008002
3.200;4.583900;-5.387830;-0.128135;-0.991757;-0.008245
3.250;4.277968;-6.118654;-0.420886;-0.907114;-0.007597
3.300;3.938649;-6.786380;-0.698816;-0.715302;-0.002115
3.350;3.572975;-7.313473;-0.908389;-0.418127;-0.005396
3.400;3.191942;-7.620666;-0.998733;-0.050328;0.002962
3.450;2.809132;-7.656199;-0.945242;0.326370;0.009965
3.500;2.438384;-7.414950;-0.762771;0.646668;0.007484
3.550;2.091376;-6.940158;-0.497383;0.867531;-0.006629
3.600;1.776225;-6.303026;-0.203987;0.978974;-0.007690
3.650;1.497032;-5.583853;0.073697;0.997281;-0.007381
3.700;1.254592;-4.848808;0.310961;0.950423;0.008637
3.750;1.047057;-4.150702;0.500122;0.865955;-0.007779
3.800;0.871305;-3.515042;0.643829;0.765170;-0.009781
3.850;0.723689;-2.952319;0.749368;0.662153;-0.001667
3.900;0.600498;-2.463811;0.825054;0.565054;0.008858
3.950;0.498035;-2.049274;0.878523;0.477700;-0.008010
4.000;0.413120;-1.698299;0.915873;0.401468;-0.003283
4.050;0.342929;-1.403811;0.941774;0.336247;-0.005946
4.100;0.285088;-1.156820;0.959637;0.281242;-0.002687
4.150;0.237663;-0.948497;0.971891;0.235432;0.009327
4.200;0.198965;-0.773965;0.980272;0.197655;0.008749
4.250;0.167492;-0.629463;0.986006;0.166710;-0.006144
4.300;0.142137;-0.507094;0.989915;0.141659;-0.001920
4.350;0.121962;-0.403496;0.992572;0.121660;-0.004184
4.400;0.106230;-0.314646;0.994363;0.106030;-0.004407
4.450;0.094438;-0.235843;0.995544;0.094298;0.005275
4.500;0.086144;-0.165880;0.996292;0.086037;0.003890
4.550;0.081048;-0.101909;0.996717;0.080960;0.004458
4.600;0.078935;-0.042263;0.996886;0.078853;0.000530
4.650;0.079727;0.015827;0.996823;0.079642;0.000491
4.700;0.083446;0.074390;0.996520;0.083349;-0.000223
4.750;0.090241;0.135889;0.995931;0.090118;0.001166
4.800;0.100386;0.202918;0.994965;0.100218;0.004826
4.850;0.114224;0.276756;0.993483;0.113976;0.000690
4.900;0.132326;0.362026;0.991258;0.131940;0.009413
4.950;0.155315;0.459793;0.987963;0.154692;0.004611
5.000;0.184053;0.574749;0.983110;0.183015;0.007615
5.050;0.219523;0.709403;0.976001;0.217764;0.000000
5.100;0.263004;0.869623;0.965613;0.259982;0.000000
5.150;0.316049;1.060905;0.950471;0.310814;0.000000
5.200;0.380528;1.289586;0.928468;0.371411;0.000000
5.250;0.458671;1.562852;0.896642;0.442757;0.000000
5.300;0.553102;1.888610;0.850899;0.525329;0.000000
5.350;0.666858;2.275121;0.785769;0.618520;0.000000
5.400;0.803367;2.730197;0.694287;0.719698;0.000000
5.450;0.966353;3.259715;0.568304;0.822819;0.000000
5.500;1.159608;3.865103;0.399699;0.916647;0.000000
5.550;1.386585;4.539526;0.183172;0.983081;0.000000
5.600;1.649726;5.262828;-0.078848;0.996887;0.000000
5.650;1.949540;5.996287;-0.369754;0.929130;0.000000
5.700;2.283535;6.679895;-0.653908;0.756574;0.000000
5.750;2.645362;7.236544;-0.879384;0.476114;0.000000
5.800;3.024705;7.586844;-0.993176;0.116622;0.000000
5.850;3.408337;7.672649;-0.964634;-0.263592;0.000000
5.900;3.782273;7.478711;-0.801689;-0.597741;0.000000
5.950;4.134219;7.038923;-0.546492;-0.837464;0.000000
6.000;4.455357;6.422759;-0.254211;-0.967149;0.000000
6.050;4.740916;5.711180;0.028523;-0.999593;0.000000
6.100;4.989702;4.975729;0.273773;-0.961794;0.000000
6.150;5.203107;4.268089;0.471259;-0.881995;0.000000
6.200;5.384065;3.619161;0.622299;-0.782780;0.000000
6.250;5.536226;3.043231;0.733758;-0.679411;0.000000
6.300;5.663394;2.543354;0.814000;-0.580865;0.000000
6.350;5.769193;2.115983;0.870789;-0.491658;0.000000
6.400;5.856905;1.754246;0.910510;-0.413487;0.000000
6.450;5.929406;1.450023;0.938070;-0.346445;0.000000
6.500;5.989163;1.195126;0.957086;-0.289804;0.000000
6.550;6.038258;0.981902;0.970155;-0.242486;0.000000
6.600;6.078433;0.803493;0.979111;-0.203325;0.000000
6.650;6.111127;0.653897;0.985234;-0.171210;0.000000
6.700;6.137524;0.527929;0.989410;-0.145147;0.000000
6.750;6.158581;0.421137;0.992247;-0.124282;0.000000
6.800;6.175065;0.329696;0.994161;-0.107909;0.000000
6.850;6.187581;0.250302;0.995433;-0.095459;0.000000
6.900;6.196584;0.180068;0.996252;-0.086493;0.000000
6.950;6.202405;0.116430;0.996739;-0.080692;0.000000
7.000;6.205258;0.057061;0.996965;-0.077848;0.000000
7.050;6.205248;-0.000216;0.996964;-0.077859;0.000000
7.100;6.202373;-0.057500;0.996736;-0.080725;0.000000
7.150;6.196528;-0.116893;0.996248;-0.086549;0.000000
7.200;6.187499;-0.180572;0.995426;-0.095540;0.000000
7.250;6.174956;-0.250865;0.994149;-0.108018;0.000000
7.300;6.158439;-0.330339;0.992229;-0.124423;0.000000
7.350;6.137345;-0.421883;0.989384;-0.145324;0.000000
7.400;6.110905;-0.528805;0.985196;-0.171430;0.000000
7.450;6.078158;-0.654935;0.979055;-0.203594;0.000000
7.500;6.037922;-0.804729;0.970073;-0.242812;0.000000
7.550;5.988753;-0.983378;0.956967;-0.290197;0.000000
7.600;5.928908;-1.196890;0.937898;-0.346912;0.000000
7.650;5.856302;-1.452131;0.910260;-0.414036;0.000000
7.700;5.768464;-1.756758;0.870430;-0.492293;0.000000
7.750;5.662516;-2.118963;0.813489;-0.581580;0.000000
7.800;5.535173;-2.546860;0.733042;-0.680183;0.000000
7.850;5.382807;-3.047305;0.621314;-0.783562;0.000000
7.900;5.201617;-3.623811;0.469944;-0.882696;0.000000
7.950;4.987954;-4.273254;0.272091;-0.962272;0.000000
8.000;4.738892;-4.981246;0.026500;-0.999649;0.000000
8.050;4.453055;-5.716737;-0.256437;-0.966561;0.000000
8.100;4.131661;-6.427884;-0.548633;-0.836063;0.000000
8.150;3.779510;-7.043018;-0.803338;-0.595524;0.000000
8.200;3.405451;-7.481174;-0.965391;-0.260808;0.000000
8.250;3.021798;-7.673063;-0.992833;0.119508;0.000000
8.300;2.642541;-7.585135;-0.878037;0.478593;0.000000
8.350;2.280891;-7.233011;-0.651905;0.758300;0.000000
8.400;1.947136;-6.675091;-0.367519;0.930016;0.000000
8.450;1.647595;-5.990832;-0.076723;0.997052;0.000000
8.500;1.384732;-5.257250;0.184993;0.982740;0.000000
8.550;1.158022;-4.534200;0.401152;0.916011;0.000000
8.600;0.965010;-3.860244;0.569409;0.822055;0.000000
8.650;0.802239;-3.255417;0.695099;0.718914;0.000000
8.700;0.665915;-2.726476;0.786352;0.617779;0.000000
8.750;0.552318;-2.271945;0.851311;0.524662;0.000000
8.800;0.458022;-1.885925;0.896929;0.442175;0.000000
8.850;0.379992;-1.560595;0.928668;0.370913;0.000000
8.900;0.315607;-1.287696;0.950608;0.310394;0.000000
8.950;0.262641;-1.059324;0.965708;0.259632;0.000000
9.000;0.219226;-0.868300;0.976066;0.217474;0.000000
9.050;0.183811;-0.708293;0.983154;0.182778;0.000000
9.100;0.155121;-0.573815;0.987993;0.154499;0.000000
9.150;0.132113;-0.460142;0.991286;0.131729;0.000000
9.200;0.113952;-0.363222;0.993514;0.113706;0.000000
9.250;0.099974;-0.279563;0.995007;0.099808;0.000000
9.300;0.089668;-0.206129;0.995983;0.089548;0.000000
9.350;0.082656;-0.140244;0.996586;0.082561;0.000000
9.400;0.078681;-0.079500;0.996906;0.078599;0.000000
9.450;0.077597;-0.021670;0.996991;0.077519;0.000000
9.500;0.079365;0.035364;0.996852;0.079282;0.000000
9.550;0.084050;0.093696;0.996470;0.083951;0.000000
9.600;0.091823;0.155463;0.995787;0.091694;0.000000
9.650;0.102970;0.222927;0.994703;0.102788;0.000000
9.700;0.117897;0.298553;0.993058;0.117624;0.000000
9.750;0.137152;0.385095;0.990609;0.136722;0.000000
9.800;0.161436;0.485688;0.986997;0.160736;0.000000
9.850;0.191634;0.603950;0.981694;0.190463;0.000000
9.900;0.228838;0.744083;0.973931;0.226846;0.000000
9.950;0.274387;0.910985;0.962591;0.270957;0.000000
10.000;0.329904;1.110342;0.946073;0.323953;0.000000
10.050;0.397339;1.348690;0.922094;0.386966;0.000000
10.100;0.479009;1.633400;0.887452;0.460900;0.000000
10.150;0.577634;1.972507;0.837757;0.546044;0.000000
10.200;0.696347;2.374259;0.767190;0.641420;0.000000
10.250;0.838656;2.846183;0.668463;0.743746;0.000000
10.300;1.008326;3.393394;0.533278;0.845940;0.000000
10.350;1.209116;4.015794;0.353847;0.935303;0.000000
10.400;1.444313;4.703944;0.126146;0.992012;0.000000
10.450;1.716004;5.433816;-0.144698;0.989476;0.000000
10.500;2.024095;6.161823;-0.437933;0.899007;0.000000
10.550;2.365258;6.823268;-0.713487;0.700669;0.000000
10.600;2.732198;7.338785;-0.917362;0.398055;0.000000
10.650;3.113780;7.631654;-0.999613;0.027809;0.000000
10.700;3.496386;7.652114;-0.937718;-0.347396;0.000000
10.750;3.866212;7.396517;-0.748752;-0.662850;0.000000
10.800;4.211653;6.908825;-0.480071;-0.877229;0.000000
10.850;4.524823;6.263403;-0.186468;-0.982461;0.000000
10.900;4.801851;5.540558;0.089343;-0.996001;0.000000
10.950;5.042239;4.807750;0.323901;-0.946091;0.000000
11.000;5.247822;4.111663;0.510213;-0.860048;0.000000
11.050;5.421766;3.478883;0.651361;-0.758768;0.000000
11.100;5.567797;2.920620;0.754839;-0.655911;0.000000
11.150;5.689699;2.438034;0.828996;-0.559255;0.000000
11.200;5.791027;2.026562;0.881315;-0.472529;0.000000
11.250;5.874972;1.678898;0.917831;-0.396970;0.000000
11.300;5.944313;1.386827;0.943130;-0.332424;0.000000
11.350;6.001425;1.142246;0.960568;-0.278047;0.000000
11.400;6.048309;0.937674;0.972543;-0.232723;0.000000
11.450;6.086631;0.766448;0.980745;-0.195291;0.000000
11.500;6.117769;0.622763;0.986350;-0.164663;0.000000
11.550;6.142850;0.501612;0.990169;-0.139875;0.000000
11.600;6.162785;0.398699;0.992761;-0.120110;0.000000
11.650;6.178301;0.310328;0.994505;-0.104692;0.000000
11.700;6.189967;0.233301;0.995658;-0.093084;0.000000
11.750;6.198207;0.164815;0.996392;-0.084876;0.000000
11.800;6.203326;0.102368;0.996813;-0.079775;0.000000
11.850;6.205509;0.043673;0.996985;-0.077598;0.000000
11.900;6.204838;-0.013419;0.996932;-0.078267;0.000000
11.950;6.201288;-0.071004;0.996648;-0.081806;0.000000
12.000;6.194729;-0.131193;0.996090;-0.088341;0.000000
12.050;6.184919;-0.196190;0.995176;-0.098108;0.000000
12.100;6.171500;-0.268373;0.993770;-0.111453;0.000000
12.150;6.153982;-0.350374;0.991665;-0.128844;0.000000
12.200;6.131723;-0.445172;0.988551;-0.150884;0.000000
12.250;6.103914;-0.556184;0.983974;-0.178313;0.000000
12.300;6.069545;-0.687378;0.977266;-0.212019;0.000000
12.350;6.027376;-0.843371;0.967459;-0.253028;0.000000
12.400;5.975900;-1.029536;0.953158;-0.302473;0.000000
12.450;5.913296;-1.252081;0.932367;-0.361513;0.000000
12.500;5.837392;-1.518064;0.902269;-0.431173;0.000000
12.550;5.745627;-1.835299;0.858962;-0.512040;0.000000
12.600;5.635026;-2.212033;0.797196;-0.603720;0.000000
12.650;5.502215;-2.656220;0.710231;-0.703969;0.000000
12.700;5.343506;-3.174165;0.590047;-0.807369;0.000000
12.750;5.155097;-3.768187;0.428388;-0.903595;0.000000
12.800;4.933447;-4.433006;0.219262;-0.975666;0.000000
12.850;4.675904;-5.150853;-0.036477;-0.999335;0.000000
12.900;4.381599;-5.886113;-0.324791;-0.945786;0.000000
12.950;4.052500;-6.581975;-0.613029;-0.790060;0.000000
13.000;3.694337;-7.163262;-0.851087;-0.525025;0.000000
13.050;3.316859;-7.549549;-0.984680;-0.174371;0.000000
13.100;2.932967;-7.677842;-0.978317;0.207115;0.000000
13.150;2.556694;-7.525457;-0.833768;0.552115;0.000000
13.200;2.200732;-7.119238;-0.589093;0.808065;0.000000
13.250;1.874497;-6.524704;-0.299054;0.954236;0.000000
13.300;1.583366;-5.822625;-0.012569;0.999921;0.000000
13.350;1.329019;-5.086933;0.239428;0.970914;0.000000
13.400;1.110390;-4.372583;0.444312;0.895872;0.000000
13.450;0.924718;-3.713445;0.602060;0.798451;0.000000
13.500;0.768419;-3.125985;0.719011;0.694999;0.000000
13.550;0.637687;-2.614640;0.803475;0.595338;0.000000
13.600;0.528856;-2.176620;0.863385;0.504546;0.000000
13.650;0.438586;-1.805400;0.905353;0.424659;0.000000
13.700;0.363938;-1.492957;0.934502;0.355957;0.000000
13.750;0.302385;-1.231062;0.954629;0.297797;0.000000
13.800;0.251787;-1.011957;0.968469;0.249135;0.000000
13.850;0.210354;-0.828656;0.977957;0.208806;0.000000
13.900;0.176603;-0.675027;0.984446;0.175686;0.000000
13.950;0.149314;-0.545767;0.988873;0.148760;0.000000
14.000;0.127498;-0.436316;0.991883;0.127153;0.000000
14.050;0.110360;-0.342763;0.993917;0.110136;0.000000
14.100;0.097274;-0.261731;0.995273;0.097120;0.000000
14.150;0.087760;-0.190274;0.996152;0.087647;0.000000
14.200;0.081471;-0.125788;0.996683;0.081381;0.000000
14.250;0.078175;-0.065912;0.996946;0.078095;0.000000
14.300;0.077752;-0.008453;0.996979;0.077674;0.000000
14.350;0.080187;0.048695;0.996787;0.080101;0.000000
14.400;0.085569;0.107630;0.996341;0.085464;0.000000
14.450;0.094094;0.170510;0.995576;0.093955;0.000000
14.500;0.106076;0.239638;0.994379;0.105877;0.000000
14.550;0.121953;0.317537;0.992573;0.121651;0.000000
14.600;0.142305;0.407041;0.989892;0.141825;0.000000
14.650;0.167874;0.511389;0.985942;0.167087;0.000000
14.700;0.199591;0.634323;0.980148;0.198268;0.000000
14.750;0.238600;0.780199;0.971670;0.236343;0.000000
14.800;0.286305;0.954088;0.959294;0.282409;0.000000
14.850;0.344398;1.161871;0.941279;0.337631;0.000000
14.900;0.414913;1.410283;0.915152;0.403110;0.000000
14.950;0.500256;1.706871;0.877460;0.479650;0.000000
15.000;0.603245;2.059774;0.823499;0.567318;0.000000
15.050;0.727104;2.477178;0.747103;0.664709;0.000000
15.100;0.875416;2.966237;0.640678;0.767810;0.000000
15.150;1.051973;3.531153;0.495858;0.868403;0.000000
15.200;1.260477;4.170081;0.305362;0.952236;0.000000
15.250;1.504012;4.870688;0.066735;0.997771;0.000000
15.300;1.784252;5.604798;-0.211838;0.977305;0.000000
15.350;2.100444;6.323850;-0.505229;0.862985;0.000000
15.400;2.448384;6.958792;-0.769199;0.639009;0.000000
15.450;2.819831;7.428942;-0.948680;0.316238;0.000000
15.500;3.202911;7.661615;-0.998121;-0.061280;0.000000
15.550;3.583738;7.616528;-0.903836;-0.427879;0.000000
15.600;3.948824;7.301715;-0.691501;-0.722375;0.000000
15.650;4.287335;6.770228;-0.412370;-0.911017;0.000000
15.700;4.592332;6.099947;-0.119768;-0.992802;0.000000
15.750;4.860807;5.369493;0.147874;-0.989006;0.000000
15.800;5.092899;4.641832;0.371394;-0.928475;0.000000
15.850;5.290834;3.958706;0.546723;-0.837314;0.000000
15.900;5.457967;3.342653;0.678396;-0.734696;0.000000
15.950;5.598072;2.802100;0.774347;-0.632761;0.000000
16.000;5.714899;2.336546;0.842825;-0.538188;0.000000
16.050;5.811928;1.940574;0.890998;-0.454007;0.000000
16.100;5.892255;1.606538;0.924555;-0.381049;0.000000
16.150;5.958564;1.326181;0.947771;-0.318950;0.000000
16.200;6.013139;1.091514;0.963759;-0.266776;0.000000
16.250;6.057901;0.895234;0.974731;-0.223383;0.000000
16.300;6.094445;0.730879;0.982241;-0.187622;0.000000
16.350;6.124087;0.592837;0.987370;-0.158428;0.000000
16.400;6.147901;0.476273;0.990863;-0.134872;0.000000
16.450;6.166753;0.377041;0.993229;-0.116170;0.000000
16.500;6.181331;0.291569;0.994817;-0.101678;0.000000
16.550;6.192169;0.216759;0.995861;-0.090891;0.000000
16.600;6.199663;0.149886;0.996514;-0.083425;0.000000
16.650;6.204089;0.088506;0.996873;-0.079014;0.000000
16.700;6.205607;0.030372;0.996992;-0.077500;0.000000
16.750;6.204275;-0.026649;0.996888;-0.078829;0.000000
16.800;6.200042;-0.084648;0.996546;-0.083047;0.000000
16.850;6.192755;-0.145750;0.995914;-0.090307;0.000000
16.900;6.182145;-0.212193;0.994900;-0.100868;0.000000
16.950;6.167825;-0.286407;0.993353;-0.115105;0.000000
17.000;6.149270;-0.371095;0.991047;-0.133515;0.000000
17.050;6.125804;-0.469329;0.987641;-0.156733;0.000000
17.100;6.096571;-0.584645;0.982638;-0.185533;0.000000
17.150;6.060514;-0.721151;0.975311;-0.220836;0.000000
17.200;6.016332;-0.883631;0.964606;-0.263697;0.000000
17.250;5.962450;-1.077646;0.949004;-0.315265;0.000000
17.300;5.896970;-1.309602;0.926341;-0.376685;0.000000
17.350;5.817632;-1.586749;0.893573;-0.448917;0.000000
17.400;5.721780;-1.917039;0.846508;-0.532376;0.000000
17.450;5.606344;-2.308735;0.779555;-0.626334;0.000000
17.500;5.467866;-2.769560;0.685636;-0.727945;0.000000
17.550;5.302608;-3.305146;0.556543;-0.830819;0.000000
17.600;5.106787;-3.916421;0.384253;-0.923228;0.000000
17.650;4.877003;-4.595685;0.163872;-0.986482;0.000000
17.700;4.610928;-5.321489;-0.101287;-0.994857;0.000000
17.750;4.308256;-6.053456;-0.393222;-0.919444;0.000000
17.800;3.971759;-6.729937;-0.674753;-0.738044;0.000000
17.850;3.608111;-7.272952;-0.893140;-0.449780;0.000000
17.900;3.227917;-7.603877;-0.996276;-0.086218;0.000000
17.950;2.844552;-7.667312;-0.956207;0.292692;0.000000
18.000;2.471954;-7.451964;-0.784046;0.620703;0.000000
18.050;2.122190;-6.995282;-0.523874;0.851795;0.000000
18.100;1.803761;-6.368573;-0.230863;0.972986;0.000000
18.150;1.521126;-5.652699;0.049650;0.998767;0.000000
18.200;1.275233;-4.917856;0.291279;0.956638;0.000000
18.250;1.064533;-4.214009;0.484913;0.874562;0.000000
18.300;0.886005;-3.570550;0.632511;0.774551;0.000000
18.350;0.735972;-3.000674;0.741179;0.671308;0.000000
18.400;0.610634;-2.506759;0.819285;0.573387;0.000000
18.450;0.506389;-2.084890;0.874502;0.485023;0.000000
18.500;0.419987;-1.728035;0.913094;0.407749;0.000000
18.550;0.348586;-1.428033;0.939857;0.341569;0.000000
18.600;0.289749;-1.176724;0.958315;0.285712;0.000000
18.650;0.241424;-0.966511;0.970999;0.239085;0.000000
18.700;0.201894;-0.790604;0.979689;0.200525;0.000000
18.750;0.169740;-0.643068;0.985629;0.168926;0.000000
18.800;0.143801;-0.518781;0.989678;0.143306;0.000000
18.850;0.123134;-0.413343;0.992429;0.122823;0.000000
18.900;0.106985;-0.322976;0.994283;0.106781;0.000000
18.950;0.094765;-0.244412;0.995513;0.094623;0.000000
19.000;0.086025;-0.174793;0.996302;0.085919;0.000000
19.050;0.080446;-0.111578;0.996766;0.080359;0.000000
19.100;0.077823;-0.052454;0.996973;0.077745;0.000000
19.150;0.078061;0.004747;0.996955;0.077982;0.000000
19.200;0.081167;0.062122;0.996708;0.081078;0.000000
19.250;0.087256;0.121775;0.996196;0.087145;0.000000
19.300;0.096550;0.185892;0.995343;0.096400;0.000000
19.350;0.109391;0.256819;0.994023;0.109173;0.000000
19.400;0.126248;0.337143;0.992041;0.125913;0.000000
19.450;0.147738;0.429783;0.989107;0.147201;0.000000
19.500;0.174642;0.538086;0.984789;0.173755;0.000000
19.550;0.207938;0.665927;0.978459;0.206443;0.000000
19.600;0.248829;0.817817;0.969201;0.246269;0.000000
19.650;0.298779;0.999010;0.955696;0.294354;0.000000
19.700;0.359559;1.215581;0.936052;0.351861;0.000000
19.750;0.433282;1.474463;0.907593;0.419851;0.000000
19.800;0.522450;1.783368;0.866599;0.499005;0.000000
19.850;0.629976;2.150511;0.808042;0.589125;0.000000
19.900;0.759174;2.583960;0.725405;0.688322;0.000000
19.950;0.913693;3.090393;0.610826;0.791765;0.000000
20.000;1.097340;3.672934;0.455965;0.889998;0.000000
