0;0.987934734952495;0.0852160115284417;0
0.05;0.986722276674211;-0.130206757682969;0
0.1;0.975352936498471;-0.320589599626363;0
0.15;0.955124051491887;-0.48444853020766;0
0.2;0.927361945997474;-0.622018758605735;0
0.25;0.89334978744281;-0.734705497762428;0
0.3;0.854281571126739;-0.824599327806595;0
0.35;0.811237754614624;-0.894098362685434;0
0.4;0.765176971833082;-0.945641734606331;0
0.45;0.716938591000785;-0.98153913357547;0
0.5;0.667230900164463;-1.0077164592293;0
0.55;0.61610381688134;-1.03553164667531;0
0.6;0.563857762360701;-1.05267245109122;0
0.65;0.510995667420498;-1.06033425828225;0
0.7;0.457933749534321;-1.06196794082445;0
0.75;0.404766235466219;-1.06980185750075;-0.619204088201138
0.8;0.350454165273721;-1.10287745898457;-0.619204088201138
0.85;0.294463719715178;-1.13703553304188;-0.619204088201138
0.9;0.236727751014675;-1.17276848937629;-0.619204088201138
0.95;0.177159197326129;-1.2103740059507;-0.619204088201138
1;0.115661829815711;-1.24991249376474;-0.619204088201138
1.05;0.052143435635765;-1.29115212175449;-0.619204088201138
1.1;-0.0134679499802792;-1.33350211835157;-0.619204088201138
1.15;-0.0812042504587446;-1.37593791580078;-0.619204088201138
1.2;-0.151033762280333;-1.41692609338064;-0.619204088201138
1.25;-0.222834088118488;-1.45436312821126;-0.619204088201138
1.3;-0.296362777822622;-1.48554918213044;-0.619204088201138
1.35;-0.371228103911394;-1.50722492477286;-0.619204088201138
1.4;-0.446863900795595;-1.51570254748558;-0.619204088201138
1.45;-0.522511420630196;-1.50661745779708;-0.619204088201138
1.5;-0.597028542434613;-1.46844624820128;-0.619204088201138
1.55;-0.668793489318614;-1.39625806952798;-0.619204088201138
1.6;-0.736092858311563;-1.28992661981642;-0.619204088201138
1.65;-0.7972659016602;-1.15172975847353;-0.619204088201138
1.7;-0.850824921023396;-0.98506662736791;-0.619204088201138
1.75;-0.895124023473687;-0.784554450011604;-0.619204088201138
1.8;-0.929179272626309;-0.576744646045568;-0.619204088201138
1.85;-0.952838301746261;-0.370044141224504;-0.619204088201138
1.9;-0.966346087132828;-0.171818548970886;-0.619204088201138
1.95;-0.970277837315994;0.0121537561019964;-0.619204088201138
2;-0.965453136748818;0.177887563258592;-0.619204088201138
2.05;-0.952847270591036;0.323111552338234;-0.619204088201138
2.1;-0.933511568708296;0.447004522098387;-0.619204088201138
2.15;-0.908509361946193;0.549850188116016;-0.619204088201138
2.2;-0.878869518506301;0.632689739849572;-0.619204088201138
2.25;-0.845556357350807;0.697019687256049;-0.619204088201138
2.3;-0.809453075956175;0.744555080911514;-0.619204088201138
2.35;-0.771355328444875;0.777059592035606;-0.619204088201138
2.4;-0.731971796996991;0.796233937658189;-0.619204088201138
2.45;-0.691929138799191;0.803650405597725;-0.619204088201138
2.5;-0.651779314116428;0.800721225178802;-0.619204088201138
2.55;-0.61200787436115;0.788690278893884;-0.619204088201138
2.6;-0.573042258004428;0.768639924571088;-0.619204088201138
2.65;-0.535259498668328;0.741506852630847;-0.619204088201138
2.7;-0.498993006611637;0.70810467534924;-0.619204088201138
2.75;-0.464491373223998;0.671863001244433;-0.619204088201138
2.8;-0.431804188310031;0.635553146697448;-0.619204088201138
2.85;-0.400931262064068;0.599312166949527;-0.619204088201138
2.9;-0.371866542544992;0.563239012531646;-0.619204088201138
2.95;-0.34459979804147;0.527403150616274;-0.619204088201138
3;-0.319117911850566;0.49185150196831;-0.619204088201138
3.05;-0.295405865581988;0.456614006823286;-0.619204088201138
3.1;-0.273447473044069;0.42170807095605;-0.619204088201138
3.15;-0.253225915467905;0.387142094584261;-0.619204088201138
3.2;-0.234724119675772;0.352918249018403;-0.619204088201138
3.25;-0.217925013311384;0.319034636910819;-0.619204088201138
3.3;-0.202811685036917;0.285486949710164;-0.619204088201138
3.35;-0.189367472363985;0.252269718957341;-0.619204088201138
3.4;-0.177575995291524;0.219377245109058;-0.619204088201138
3.45;-0.16742114999803;0.186804277630805;-0.619204088201138
3.5;-0.158887073349567;0.154546512350167;-0.619204088201138
3.55;-0.151958085845454;0.122600965861332;-0.619204088201138
3.6;-0.146618617765986;0.0909662816183105;-0.619204088201138
3.65;-0.14285312066903;0.0596430178546538;-0.619204088201138
3.7;-0.140645963979947;0.028633963311172;-0.619204088201138
3.75;-0.13998131422164;-0.002055477314195;-0.619204088201138
3.8;-0.140842992439669;-0.0324167904853794;-0.619204088201138
3.85;-0.143214303603928;-0.0624377203767124;-0.619204088201138
3.9;-0.1470778302377;-0.0921014668989934;-0.619204088201138
3.95;-0.152415181275116;-0.121385693360038;-0.619204088201138
4;-0.159206686234398;-0.150261329320304;-0.619204088201138
4.05;-0.16743102429223;-0.17869116335521;-0.619204088201138
4.1;-0.177064777854656;-0.206628231862782;-0.619204088201138
4.15;-0.188081900870064;-0.23401402433988;-0.619204088201138
4.2;-0.20045309357777;-0.260776543276391;-0.619204088201138
4.25;-0.214145077816541;-0.286828278483962;-0.619204088201138
4.3;-0.229119770636468;-0.312064181566955;-0.619204088201138
4.35;-0.245333358975294;-0.336359756241367;-0.619204088201138
4.4;-0.262735284766414;-0.359569413559089;-0.619204088201138
4.45;-0.28126715817077;-0.381525276133726;-0.619204088201138
4.5;-0.300861626687174;-0.402036649322528;-0.619204088201138
4.55;-0.32144123953492;-0.420890405683866;-0.619204088201138
4.6;-0.34291735950439;-0.437852546033823;-0.619204088201138
4.65;-0.365189187690947;-0.452671198789602;-0.619204088201138
4.7;-0.388142979031443;-0.465081290856645;-0.619204088201138
4.75;-0.411651536808403;-0.474811060113255;-0.619204088201138
4.8;-0.435574080370513;-0.481590475407796;-0.619204088201138
4.85;-0.459756580115976;-0.485161482701542;-0.619204088201138
4.9;-0.484032645212162;-0.485289809682038;-0.619204088201138
4.95;-0.508223859875483;-0.481569539917705;-0.619204088201138
5;-0.532076508925932;-0.471299234689111;-0.619204088201138
5.05;-0.555235256139097;-0.453840140435664;-0.619204088201138
5.1;-0.577348315785243;-0.429529373151688;-0.619204088201138
5.15;-0.598085274422253;-0.398884325829173;-0.619204088201138
5.2;-0.617145899347388;-0.362592540698138;-0.619204088201138
5.25;-0.634268160234404;-0.321490443006261;-0.619204088201138
5.3;-0.649234933358314;-0.276532212648413;-0.619204088201138
5.35;-0.66187895296654;-0.22875128400341;-0.619204088201138
5.4;-0.672085722145676;-0.179217821916113;-0.619204088201138
5.45;-0.679794273962789;-0.128995872474049;-0.619204088201138
5.5;-0.684995855954281;-0.0791036939331449;-0.619204088201138
5.55;-0.687730771511256;-0.0304801142886138;-0.619204088201138
5.6;-0.688083730911243;0.0160411989217162;-0.619204088201138
5.65;-0.686178132493018;0.0597487352168072;-0.619204088201138
5.7;-0.682169710324172;0.100061567206546;-0.619204088201138
5.75;-0.67623995619581;0.136530142637557;-0.619204088201138
5.8;-0.668589663313288;0.168830877900772;-0.619204088201138
5.85;-0.659432860635179;0.196756211234387;-0.619204088201138
5.9;-0.64899132330721;0.220201763961513;-0.619204088201138
5.95;-0.637489766072186;0.239152081981638;-0.619204088201138
6;-0.62515175945255;0.253666157624759;-0.619204088201138
6.05;-0.612196356123146;0.263863624729991;-0.619204088201138
6.1;-0.598835377780496;0.26991222242116;-0.619204088201138
6.15;-0.585271289710919;0.272016863578447;-0.619204088201138
6.2;-0.571695578878733;0.270410435877599;-0.619204088201138
6.25;-0.558287549028633;0.26534630909156;-0.619204088201138
6.3;-0.545213450411392;0.257092417837353;-0.619204088201138
6.35;-0.532625870003236;0.245926726228451;-0.619204088201138
6.4;-0.52066331863235;0.232133850884295;-0.619204088201138
6.45;-0.50944996283753;0.216002612681896;-0.619204088201138
6.5;-0.49909545178433;0.197830342194546;-0.619204088201138
6.55;-0.489679328913122;0.178738618730355;-0.619204088201138
6.6;-0.481222674035754;0.159466510346035;-0.619204088201138
6.65;-0.473732281807015;0.140102052981776;-0.619204088201138
6.7;-0.467210703030707;0.120727154495576;-0.619204088201138
6.75;-0.461656521876893;0.101418743467637;-0.619204088201138
6.8;-0.457064578750121;0.0822497950551527;-0.619204088201138
6.85;-0.453401388595022;0.0688484299220894;0
6.9;-0.449665886295015;0.080485483201235;0
6.95;-0.445365041089938;0.0914585412897662;0
7;-0.440532339352623;0.101757191295761;0
7.05;-0.435201631550013;0.111377212568809;0
7.1;-0.429406835366747;0.120320058164855;0
7.15;-0.423181665801113;0.12859229760666;0
7.2;-0.416559393707537;0.136205039054107;0
7.25;-0.409572633410678;0.143173346692846;0
7.3;-0.402253159286693;0.149515666694049;0
7.35;-0.394631750601408;0.155253272629487;0
7.4;-0.386738063410719;0.160409738851734;0
7.45;-0.378600527958842;0.165010448147279;0
7.5;-0.370246269745029;0.169082137992121;0
7.55;-0.361701052257;0.172652488013947;0
7.6;-0.352989239276731;0.175749749802687;0
7.65;-0.34413377463822;0.178402419008017;0
7.7;-0.335156177344827;0.180638948704031;0
7.75;-0.326076550023963;0.182487502266473;0
7.8;-0.316913598798828;0.183975743471369;0
7.85;-0.307684662781177;0.185130661158548;0
7.9;-0.298405751528049;0.185978425582334;0
7.95;-0.289091588952213;0.186544273468771;0
8;-0.27975566232575;0.18685241879035;0
8.05;-0.270410275164226;0.186925986334012;0
8.1;-0.261066602922373;0.186786965257728;0
8.15;-0.251734750568594;0.186456179989338;0
8.2;-0.242423811233414;0.185953276005506;0
8.25;-0.233141925245182;0.185296718227849;0
8.3;-0.223896338974356;0.184503799979043;0
8.35;-0.214693463005416;0.183590660647344;0
8.4;-0.205538929242992;0.182572310408596;0
8.45;-0.196437646636522;0.181462660546738;0
8.5;-0.187393855276121;0.180274558094666;0
8.55;-0.178411178672019;0.179019823685478;0
8.6;-0.169492674081498;0.17770929165878;0
8.65;-0.160640880791442;0.176352851607612;0
8.7;-0.151857866302143;0.174959490678774;0
8.75;-0.143145270389417;0.173537336053363;0
8.8;-0.134504347048192;0.172093697135852;0
8.85;-0.125936004342038;0.170635107069817;0
8.9;-0.117440842200139;0.169167363277374;0
8.95;-0.109019188216661;0.167695566788424;0
9;-0.10067113151757;0.166224160185847;0
9.05;-0.0923965547673543;0.164756964044787;0
9.1;-0.0841951643930485;0.163297211788875;0
9.15;-0.0760665191058145;0.161847582924626;0
9.2;-0.0680100568014601;0.160410234647875;0
9.25;-0.0600251199208561;0.158986831843867;0
9.3;-0.0521109793495343;0.157578575525911;0
9.35;-0.0442668569330099;0.156186229777065;0
9.4;-0.0364919466807215;0.154810147275493;0
9.45;-0.0287854347271118;0.153450293497454;0
9.5;-0.0211465181133964;0.152106269702598;0
9.55;-0.013574422448111;0.150777334814788;0
9.6;-0.00606841849869689;0.149462426318176;0
9.65;0.00137216223972762;0.148160180293019;0
9.7;0.00874791295857056;0.146868950718858;0
9.75;0.0160593378995352;0.145586828174348;0
9.8;0.0233068396410195;0.144311658063246;0
9.85;0.0304907072866663;0.143041058495003;0
9.9;0.037611105541951;0.141772437945967;0
9.95;0.0446680646709066;0.140503012823492;0
10;0.0516614713310823;0.139229825050231;0
10.05;0.0585910602905384;0.137949759779497;0
10.1;0.0654564070360422;0.136659563344836;0
10.15;0.0722569212865615;0.135355861537836;0
10.2;0.0789918414305938;0.134035178297587;0
10.25;0.0856602299097528;0.132693954883213;0
10.3;0.0922609695742662;0.131328569587388;0
10.35;0.0987927610385744;0.12993535803382;0
10.4;0.105254121066961;0.128510634085351;0
10.45;0.111643382020051;0.127050711371628;0
10.5;0.117958692392982;0.125551925426361;0
10.55;0.124198018475065;0.124010656404203;0
10.6;0.130359147158746;0.122423352326318;0
10.65;0.136439689922567;0.120786552782133;0
10.7;0.142437088008675;0.119096912992755;0
10.75;0.148348618810164;0.117351228119475;0
10.8;0.154171403477108;0.115546457679014;0
10.85;0.159902415742761;0.113679749906118;0
10.9;0.165538491962881;0.111748465884197;0
10.95;0.171076342351734;0.109750203246458;0
11;0.176512563388015;0.107682819233807;0
11.05;0.181843651352933;0.105544452882277;0
11.1;0.187066016951012;0.103333546102254;0
11.15;0.192176000952137;0.101048863404886;0
11.2;0.197169890781019;0.0986895100281027;0
11.25;0.202043937967905;0.0962549482160334;0
11.3;0.206794376362181;0.0937450114115828;0
11.35;0.211417440998731;0.0911599161326709;0
11.4;0.215909387495829;0.0885002713182831;0
11.45;0.220266511853154;0.0857670849509578;0
11.5;0.224485170509403;0.0829617677875257;0
11.55;0.228561800511354;0.0800861340595268;0
11.6;0.232492939640089;0.0771423990383535;0
11.65;0.236275246335755;0.0741331733972861;0
11.7;0.239905519259841;0.0710614543425252;0
11.75;0.243380716333599;0.0679306135273756;0
11.8;0.246697973093025;0.0647443818070233;0
11.85;0.249854620204746;0.0615068309350072;0
11.9;0.252848199993349;0.0582223523455801;0
11.95;0.255676481838891;0.0548956332077271;0
12;0.258337476313637;0.0515316299757572;0
12.05;0.260829447939217;0.0481355396972239;0
12.1;0.263150926459238;0.0447127693706515;0
12.15;0.265300716537727;0.0412689036724656;0
12.2;0.267277905810264;0.0378096713940438;0
12.25;0.269081871232182;0.0343409109454914;0
12.3;0.270712283686267;0.0308685352923072;0
12.35;0.272169110830824;0.0273984966944052;0
12.4;0.273452618187387;0.0239367516140233;0
12.45;0.274563368485502;0.0204892261500662;0
12.5;0.275502219299531;0.0170617823417188;0
12.55;0.276270319029066;0.0136601856641904;0
12.6;0.276869101290145;0.0102900740147837;0
12.65;0.277300277798611;0.00695692845878555;0
12.7;0.277565829839681;0.00366604597269258;0
12.75;0.27766799842881;0.000422514387781965;0
12.8;0.277609273278165;-0.00276881029917386;0
12.85;0.277392380690476;-0.00590332411838263;0
12.9;0.277020270507555;-0.00897669273031121;0
12.95;0.276496102244477;-0.0119848663840839;0
13;0.275823230542333;-0.0149240922107786;0
13.05;0.275005190072593;-0.0177909238650345;0
13.1;0.274045680024684;-0.0205822285596871;0
13.15;0.272948548305414;-0.0232951915667103;0
13.2;0.271717775574555;-0.0259273182832437;0
13.25;0.270357459235409;-0.0284764339837071;0
13.3;0.268871797492627;-0.0309406813978011;0
13.35;0.267265073582173;-0.0333185162695394;0
13.4;0.265541640270265;-0.0356087010643646;0
13.45;0.263705904709516;-0.037810296999976;0
13.5;0.261762313731616;-0.0399226545819045;0
13.55;0.259715339646723;-0.041945402827306;0
13.6;0.257569466610582;-0.0438784373601671;0
13.65;0.255329177611284;-0.0457219075583879;0
13.7;0.25299894211866;-0.0474762029283329;0
13.75;0.250583204430711;-0.0491419388757028;0
13.8;0.248086372743177;-0.050719942033307;0
13.85;0.245512808960632;-0.0522112352967769;0
13.9;0.242866819260128;-0.0536170227087617;0
13.95;0.240152645411698;-0.0549386743209464;0
14;0.237374456853841;-0.0561777111515771;0
14.05;0.234536343516524;-0.0573357903443032;0
14.1;0.231642309379246;-0.0584146906222424;0
14.15;0.228696266747295;-0.0594162981194206;0
14.2;0.225702031225528;-0.0603425926602947;0
14.25;0.222663317365736;-0.0611956345470418;0
14.3;0.219583734960927;-0.0619775519038088;0
14.35;0.216466785957664;-0.0626905286172366;0
14.4;0.213315861955857;-0.0633367929033609;0
14.45;0.210134242264122;-0.063918606522487;0
14.5;0.206925092477912;-0.0644382546558697;0
14.55;0.203691463547165;-0.064898036450999;0
14.6;0.200436291299968;-0.0653002562359988;0
14.65;0.197162396388912;-0.0656472153980841;0
14.7;0.193872484627144;-0.065941204916147;0
14.75;0.190569147681763;-0.0661844985333455;0
14.8;0.187254864092974;-0.0663793465520076;0
14.85;0.183932000588398;-0.0665279702301808;0
14.9;0.180602813663015;-0.0666325567567451;0
14.95;0.177269451396432;-0.0666952547800899;0
15;0.173933955480462;-0.0667181704638973;0
15.05;0.170598263431319;-0.0667033640425502;0
15.1;0.167264210962169;-0.0666528468480093;0
15.15;0.163933534493168;-0.0665685787796814;0
15.2;0.160607873777539;-0.0664524661887593;0
15.25;0.157288774623686;-0.0663063601487268;0
15.3;0.153977691694724;-0.0661320550841513;0
15.35;0.150675991368207;-0.065931287730503;0
15.4;0.147384954640143;-0.0657057363985022;0
15.45;0.144105780058747;-0.0654570205173894;0
15.5;0.140839586674566;-0.0651867004325015;0
15.55;0.13758741699489;-0.0648962774336029;0
15.6;0.134350239931439;-0.0645871939915445;0
15.65;0.131128953731484;-0.0642608341819802;0
15.7;0.127924388883514;-0.0639185242760531;0
15.75;0.124737310989621;-0.0635615334791551;0
15.8;0.121568423597597;-0.0631910748000446;0
15.85;0.118418370986695;-0.0628083060337837;0
15.9;0.115287740901704;-0.0624143308431023;0
15.95;0.112177067230817;-0.0620101999239196;0
16;0.10908683262338;-0.0615969122418353;0
16.05;0.106017471044323;-0.0611754163274512;0
16.1;0.102969370262568;-0.0607466116193846;0
16.15;0.0999428742713261;-0.0603113498447938;0
16.2;0.0969382856386207;-0.0598704364281438;0
16.25;0.0939558677868436;-0.0594246319198026;0
16.3;0.0909958472005474;-0.0589746534368734;0
16.35;0.0880584155620352;-0.0585211761094284;0
16.4;0.0851437318146311;-0.0580648345260294;0
16.45;0.082251924153808;-0.0576062241730881;0
16.5;0.0793830919466011;-0.0571459028632442;0
16.55;0.076537307579968;-0.0566843921485123;0
16.6;0.0737146182389477;-0.0562221787144923;0
16.65;0.0709150476156503;-0.0557597157524267;0
16.7;0.0681385975502549;-0.0552974243063437;0
16.75;0.0653852496053207;-0.0548356945929466;0
16.8;0.0626549665748262;-0.0543748872922869;0
16.85;0.0599476939294364;-0.053915334807611;0
16.9;0.057263361199576;-0.053457342493087;0
16.95;0.054601883297938;-0.0530011898484022;0
17;0.0519631617831051;-0.0525471316794871;0
17.05;0.0493470860659917;-0.0520953992248518;0
17.1;0.0467535345608332;-0.0516462012472304;0
17.15;0.0441823757824619;-0.0511997250904197;0
17.2;0.0416334693916079;-0.0507561377013605;0
17.25;0.0391066671899605;-0.0503155866176625;0
17.3;0.0366018140667079;-0.0498782009208992;0
17.35;0.0341187488982574;-0.0494440921561154;0
17.4;0.0316573054028124;-0.0490133552180885;0
17.45;0.0292173129514534;-0.0485860692049684;0
17.5;0.0267985973373356;-0.0481622982399952;0
17.55;0.0244009815045815;-0.0477420922620541;0
17.6;0.022024286238408;-0.0473254877858777;0
17.65;0.0196683308179806;-0.0469125086327479;0
17.7;0.0173329336334528;-0.0465031666325828;0
17.75;0.0150179127685937;-0.046097462298317;0
17.8;0.0127230865503709;-0.0456953854735071;0
17.85;0.0104482740668001;-0.0452969159540987;0
17.9;0.00819329565433159;-0.0449020240853064;0
17.95;0.00595797335599474;-0.0445106713345525;0
18;0.00374213135147227;-0.0441228108414118;0
18.05;0.00154559636023195;-0.0437383879455002;0
18.1;-0.00063180198120531;-0.0433573406932364;0
18.15;-0.0027902307668273;-0.0429796003243931;0
18.2;-0.00492985349253447;-0.0426050917393334;0
18.25;-0.00705082975044206;-0.0422337339478159;0
18.3;-0.00915331494518059;-0.0418654405002263;0
18.35;-0.011237460031337;-0.041500119902075;0
18.4;-0.0133034112712198;-0.0411376760125713;0
18.45;-0.0153513100121726;-0.0407780084280651;0
18.5;-0.0173812924826976;-0.0404210128511164;0
18.55;-0.0193934896066895;-0.0400665814459288;0
18.6;-0.0213880268351155;-0.0397146031808515;0
18.65;-0.0233650239945122;-0.03936496415863;0
18.7;-0.0253245951517023;-0.0390175479350539;0
18.75;-0.0272668484941682;-0.0386722358266196;0
18.8;-0.0291918862255457;-0.0383289072078025;0
18.85;-0.0310998044757345;-0.0379874397984925;0
18.9;-0.0329906932251464;-0.037647709942128;0
18.95;-0.0348646362426378;-0.0373095928750279;0
19;-0.0367217110366998;-0.0369729629873899;0
19.05;-0.0385619888194987;-0.0366376940763989;0
19.1;-0.0403855344833848;-0.036303659591856;0
19.15;-0.0421924065895027;-0.0359707328747104;0
19.2;-0.0439826573681595;-0.0356387873888485;0
19.25;-0.0457563327306214;-0.0353076969464655;0
19.3;-0.0475134722920232;-0.034977335927316;0
19.35;-0.0492541094050954;-0.0346475794921142;0
19.4;-0.0509782712044189;-0.0343183037903256;0
19.45;-0.0526859786609352;-0.0339893861625669;0
19.5;-0.0543772466464443;-0.0336607053378031;0
19.55;-0.0560520840078382;-0.0333321416255077;0
19.6;-0.0577104936508182;-0.0330035771029247;0
19.65;-0.0593524726328558;-0.0326748957975496;0
19.7;-0.0609780122651611;-0.0323459838649202;0
19.75;-0.0625870982234242;-0.032016729761789;0
19.8;-0.0641797106671016;-0.0316870244147238;0
19.85;-0.0657558243670196;-0.0313567613841654;0
19.9;-0.0673154088410663;-0.0310258370239479;0
19.95;-0.068858428497747;-0.0306941506362707;0
20;-0.0703848427873737;-0.0303616046220918;0
