0;0.530629303856886;0.416211693142592;0
0.05;0.550342205859648;0.371433113481055;0
0.1;0.567706701865221;0.322421734909393;0
0.15;0.582535060024473;0.270149399388767;0
0.2;0.594689835973571;0.215649041115351;0
0.25;0.604085889316669;0.159972933345996;0
0.3;0.610690320895032;0.104151865514965;0
0.35;0.614520461475995;0.0491585217824185;0
0.4;0.615640188029243;-0.00412244487985748;0
0.45;0.614154943885289;-0.0549161557831603;0
0.5;0.610205887223309;-0.102570620479533;0
0.55;0.603963591133218;-0.146561685044077;0
0.6;0.595621677428171;-0.186490950444586;0
0.65;0.58539069858446;-0.222078191673446;0
0.7;0.573492501314998;-0.253149942192116;0
0.75;0.560155223177457;-0.279625834042712;0
0.8;0.545608998999223;-0.301504070156896;0
0.85;0.53008239204763;-0.318847118810933;0
0.9;0.513799517994196;-0.331768415568048;0
0.95;0.49697768243374;-0.340460337220605;0
1;0.479791936358316;-0.346736602840054;0
1.05;0.462327846323171;-0.351616660420645;0
1.1;0.444651486977679;-0.355248990718854;0
1.15;0.426821703912495;-0.357774104004458;0
1.2;0.408890532337393;-0.359323792257315;0
1.25;0.39090364479359;-0.360020704459069;0
1.3;0.372900813437007;-0.359978178657559;0
1.35;0.354916375525052;-0.35930027331075;0
1.4;0.336979693396769;-0.358081949063081;0
1.45;0.319115602473999;-0.356409360188038;0
1.5;0.301344842663777;-0.354360222234399;0
1.55;0.283684470051109;-0.352004228848428;0
1.6;0.266148246980395;-0.34940349630037;0
1.65;0.248747009576279;-0.346613018961958;0
1.7;0.231489012490752;-0.343681122933704;0
1.75;0.21438025121912;-0.340649908292048;0
1.8;0.197424762734786;-0.337555673107128;0
1.85;0.180624905479004;-0.334429314559805;0
1.9;0.163981619929906;-0.331296704243355;0
1.95;0.14749467108437;-0.328179036144498;0
2;0.131162874232379;-0.325093146924534;0
2.05;0.114984305399282;-0.322051809019875;0
2.1;0.0989564977867503;-0.319063997798692;0
2.15;0.0830766254666123;-0.316135134585395;0
2.2;0.0673416754790963;-0.313267307828362;0
2.25;0.0517486093635899;-0.310459475063147;0
2.3;0.0362945150094219;-0.307707648631786;0
2.35;0.0209767495596395;-0.3050050683717;0
2.4;0.0057930739347622;-0.302342364693104;0
2.45;-0.00925822063165904;-0.299707715625191;0
2.5;-0.0241781938359706;-0.297087001528196;0
2.55;-0.0389671453028909;-0.29446396123639;0
2.6;-0.0536245115053862;-0.291820353408591;0
2.65;-0.0681487709595594;-0.289136126807711;0
2.7;-0.082537358231249;-0.286389603096704;0
2.75;-0.0967865874651617;-0.283557675511463;0
2.8;-0.110891586307535;-0.280616026437445;0
2.85;-0.124846241233871;-0.277539366463006;0
2.9;-0.13864315540789;-0.274301696897203;0
2.95;-0.152273620279778;-0.270876597015767;0
3;-0.16572770016656;-0.267276211830224;-0.0100514211306657
3.05;-0.179034861100123;-0.265497069526204;-0.0744836078657025
3.1;-0.192325895084644;-0.266624955089695;-0.138915794600739
3.15;-0.205744280828352;-0.270583187837691;-0.203347981335776
3.2;-0.219429402777438;-0.277284290580866;-0.267780168070813
3.25;-0.233515953831443;-0.286627630381864;-0.332212354805849
3.3;-0.248133211212878;-0.298496693983474;-0.396644541540886
3.35;-0.263404165938139;-0.312755948560767;-0.461076728275923
3.4;-0.279444484264778;-0.329247255685574;-0.52550891501096
3.45;-0.296361278513072;-0.347785833500899;-0.589941101745997
3.5;-0.314251665354205;-0.36815580247371;-0.654373288481033
3.55;-0.333201092776981;-0.39010540737833;-0.71880547521607
3.6;-0.353281423423272;-0.413342085779273;-0.783237661951107
3.65;-0.374548772901423;-0.437527653580441;-0.847669848686144
3.7;-0.397041118193667;-0.462274001189733;-0.91210203542118
3.75;-0.420775714421783;-0.487139835425038;-0.976534222156217
3.8;-0.445717279128062;-0.509490674186921;-0.935426487019264
3.85;-0.471603313747431;-0.524755187297066;-0.870994300284227
3.9;-0.498066637626216;-0.532521639971571;-0.80656211354919
3.95;-0.524700025346006;-0.530863041920786;-0.742129926814153
4;-0.550958978441727;-0.517541282979882;-0.677697740079117
4.05;-0.576266828245331;-0.492876169693929;-0.61326555334408
4.1;-0.600070896945246;-0.4574990208104;-0.548833366609043
4.15;-0.62185753572179;-0.412337659610146;-0.484401179874006
4.2;-0.641166363331654;-0.358588998461479;-0.41996899313897
4.25;-0.657602567913472;-0.29766939607248;-0.355536806403933
4.3;-0.670846256403269;-0.231147149791458;-0.291104619668896
4.35;-0.680658124834868;-0.16066414850186;-0.226672432933859
4.4;-0.686881114687511;-0.0878550922211243;-0.162240246198822
4.45;-0.689438143408769;-0.0142725373269289;-0.0978080594637858
4.5;-0.688326377228634;0.0586754912356585;-0.0333758727287491
4.55;-0.683611742557745;0.129401716984897;0
4.6;-0.675489067136639;0.194583745617965;0
4.65;-0.664268870743266;0.253214764432575;0
4.7;-0.650288046972847;0.304956106142188;0
4.75;-0.633895365664525;0.349665818504366;0
4.8;-0.615442544907406;0.387362100069202;0
4.85;-0.595277150992929;0.41818725740678;0
4.9;-0.573737233298817;0.44237468214804;0
4.95;-0.551147502544938;0.460220316820162;0
5;-0.527816809060711;0.472059248001171;0
5.05;-0.504036661793735;0.478247460586733;0
5.1;-0.480063575873527;0.480375982000306;0
5.15;-0.456023126668051;0.481025222804511;0
5.2;-0.431981015039725;0.480476286457598;0
5.25;-0.407991925034262;0.478934706508419;0
5.3;-0.384100832800211;0.476583437934356;0
5.35;-0.360344101682588;0.47358423477334;0
5.4;-0.336750505950504;0.470079113502801;0
5.45;-0.313342180736244;0.466191831286775;0
5.5;-0.290135498773007;0.462029328788131;0
5.55;-0.267141876616789;0.457683103265315;0
5.6;-0.244368514431015;0.453230489977229;0
5.65;-0.221819074267515;0.448735839256086;0
5.7;-0.199494302225926;0.44425158362343;0
5.75;-0.177392600017803;0.439819194559556;0
5.8;-0.155510551379234;0.435470032433263;0
5.85;-0.133843408524248;0.431226096010373;0
5.9;-0.112385543452988;0.427100680163327;0
5.95;-0.0911308684531339;0.423098952112622;0
6;-0.0700732295812211;0.419218457901497;0
6.05;-0.0492067762961024;0.415449571948363;0
6.1;-0.0285263097494544;0.411775903506796;0
6.15;-0.00802761152475712;0.408174674723712;0
6.2;0.0122922461372955;0.404617085723248;0
6.25;0.0324346083756667;0.401068682727277;0
6.3;0.0523989645677134;0.397489745595981;0
6.35;0.0721826953919498;0.393835711251306;0
6.4;0.0917808422941208;0.390057649129369;0
6.45;0.111185902344844;0.386102803976889;0
6.5;0.130387652209068;0.381915219836134;0
6.55;0.149373005587542;0.377436456831703;0
6.6;0.168125908997741;0.372606409277106;0
6.65;0.186627281090991;0.367364229590545;0
6.7;0.204855000806769;0.361649357531342;0
6.75;0.222783949497685;0.355402648396597;0
6.8;0.240386111678108;0.348567587195852;0
6.85;0.257630738223976;0.341091568695387;0
6.9;0.274484574664005;0.332927215943698;0
6.95;0.290912155656584;0.324033702906147;0
7;0.306876164869791;0.31437804067852;0
7.05;0.322337857329623;0.303936281989891;0
7.1;0.337257538958121;0.292694595913313;0
7.15;0.351595095599797;0.280650164382765;0
7.2;0.365310561465278;0.267811854641453;0
7.25;0.378364714753345;0.254200627304066;0
7.3;0.390719686397601;0.239849648247858;0
7.35;0.402339566563746;0.224804083731175;0
7.4;0.413190992816842;0.209120571384025;0
7.45;0.423243703868447;0.192866374204053;0
7.5;0.432471043539209;0.176118239438472;0
7.55;0.440850401020098;0.15896099818209;0
7.6;0.44836357561917;0.141485953650574;0
7.65;0.454997056826696;0.123789115513659;0
7.7;0.460742213567119;0.105969343742731;0
7.75;0.465595389753655;0.0881264677836403;0
7.8;0.469557906532378;0.070359445473429;0
7.85;0.472635974715751;0.0527646212556935;0
7.9;0.474840523699664;0.0354341354564335;0
7.95;0.476186955504384;0.0184545263972629;0
8;0.476694834389755;0.00190555578919813;0
8.05;0.47638752372246;-0.014140723971606;0
8.1;0.475291782414157;-0.0296206534977447;0
8.15;0.47343733333671;-0.0444794045186364;0
8.2;0.470856415716687;-0.0586711848757191;0
8.25;0.467583332699063;-0.0721592301199595;0
8.3;0.463654004143984;-0.0849156067204414;0
8.35;0.459105533378367;-0.096920855253369;0
8.4;0.453975795159399;-0.108163503510802;0
8.45;0.448303050603854;-0.118639479480415;0
8.5;0.442125593366313;-0.128351452887698;0
8.55;0.435481429966966;-0.137308131767109;0
8.6;0.428407995916228;-0.145523537639256;0
8.65;0.420941908185323;-0.153016279591746;0
8.7;0.413118753642508;-0.159808844127676;0
8.75;0.404972912316709;-0.16592691424849;0
8.8;0.39653741375822;-0.171398728021514;0
8.85;0.387843824328169;-0.176254483947477;0
8.9;0.378922162948864;-0.180525797851792;0
8.95;0.369800842667857;-0.184245213804852;0
9;0.360506635310839;-0.1874457697354;0
9.05;0.351064656503558;-0.190160616922375;0
9.1;0.341498368413621;-0.192422691406812;0
9.15;0.331829597683139;-0.194264434520727;0
9.2;0.322078566178974;-0.195717559144765;0
9.25;0.312263932366681;-0.196812857940332;0
9.3;0.302402841307285;-0.197580049615803;0
9.35;0.292510981474656;-0.198047659243994;0
9.4;0.282602646789029;-0.198242928716947;0
9.45;0.272690802454455;-0.198191753575847;0
9.5;0.262787153371003;-0.197918642664525;0
9.55;0.252902214064028;-0.19744669730459;0
9.6;0.243045379231158;-0.196797606962524;0
9.65;0.233224994152156;-0.195991658661334;0
9.7;0.22344842433707;-0.195047757671739;0
9.75;0.213722123904484;-0.193983457293021;0
9.8;0.204051702284515;-0.192814995796376;0
9.85;0.194441988931349;-0.191557338850342;0
9.9;0.184897095808358;-0.190224225976435;0
9.95;0.175420477476118;-0.188828219792443;0
10;0.166014988670954;-0.187380756990625;0
10.05;0.15668293930996;-0.185892200168578;0
10.1;0.147426146898669;-0.184371889782642;0
10.15;0.138245986350629;-0.182828195628333;0
10.2;0.129143437254898;-0.181268567370741;0
10.25;0.120119128648689;-0.179699583751381;0
10.3;0.111173381368754;-0.178127000188035;0
10.35;0.102306248067284;-0.176555794561977;0
10.4;0.0935175509866956;-0.174990211054004;0
10.45;0.0848069175930756;-0.173433801948034;0
10.5;0.0761738141709346;-0.171889467369925;0
10.55;0.0676175774824153;-0.170359492970582;0
10.6;0.0591374445927903;-0.168845585597338;0
10.65;0.0507325809611137;-0.167348907026849;0
10.7;0.0424021068906112;-0.165870105857098;0
10.75;0.0341451224279901;-0.164409347676163;0
10.8;0.0259607307945513;-0.162966343641763;0
10.85;0.0178480604249399;-0.16154037761872;0
10.9;0.00980628568174971;-0.16013033203171;0
10.95;0.0018346463061257;-0.158734712598413;0
11;-0.00606753434389244;-0.157351672113549;0
11.05;-0.013900832224156;-0.155979033457611;0
11.1;-0.0216657066699242;-0.154614312005371;0
11.15;-0.0293624855704616;-0.153254737608654;0
11.2;-0.0369913516357337;-0.151897276325351;0
11.25;-0.0445523297467167;-0.150538652062289;0
11.3;-0.0520452753890711;-0.149175368293288;0
11.35;-0.0594698641777944;-0.147803730005478;0
11.4;-0.0668255824878778;-0.146419866016714;0
11.45;-0.0741117192128329;-0.145019751794544;0
11.5;-0.0813273586791223;-0.143599232892693;0
11.55;-0.088471374749924;-0.142154049104321;0
11.6;-0.095542426156152;-0.140679859412352;0
11.65;-0.102538953096157;-0.13917226779601;0
11.7;-0.109459175147911;-0.137626849929366;0
11.75;-0.116301090538649;-0.136039180782222;0
11.8;-0.123062476816765;-0.134404863106328;0
11.85;-0.129740892969225;-0.132719556760844;0
11.9;-0.136333683024655;-0.13097900880046;0
11.95;-0.142837981177689;-0.129179084218058;0
12;-0.149250718463931;-0.127315797201692;0
12.05;-0.155568631007084;-0.125385342733436;0
12.1;-0.161788269850368;-0.123384128326016;0
12.15;-0.1679060123734;-0.121308805662654;0
12.2;-0.173918075283237;-0.119156301877024;0
12.25;-0.17982052915448;-0.11692385018433;0
12.3;-0.185609314478312;-0.114609019552133;0
12.35;-0.191280259164304;-0.112209743081351;0
12.4;-0.196829097421984;-0.109724344754724;0
12.45;-0.202251489931828;-0.107151564202522;0
12.5;-0.207543045197759;-0.104490579134163;0
12.55;-0.212699341955783;-0.101741025090056;0
12.6;-0.217715952496406;-0.0989030121809015;0
12.65;-0.222588466742307;-0.0959771385019643;0
12.7;-0.227312516907779;-0.0929644999376313;0
12.75;-0.231883802553065;-0.0898666961065671;0
12.8;-0.236298115835246;-0.0866858322397367;0
12.85;-0.240551366748133;-0.0834245168317825;0
12.9;-0.244639608136956;-0.0800858549599716;0
12.95;-0.248559060269789;-0.0766734372231437;0
13;-0.252306134746801;-0.0731913243146348;0
13.05;-0.255877457530704;-0.0696440273067029;0
13.1;-0.259269890887229;-0.0660364837881327;0
13.15;-0.26248055403315;-0.0623740300599497;0
13.2;-0.265506842301149;-0.0586623696550581;0
13.25;-0.268346444645541;-0.0549075385046465;0
13.3;-0.270997359330339;-0.0511158671260176;0
13.35;-0.273457907661046;-0.0472939402518376;0
13.4;-0.275726745643512;-0.0434485543585863;0
13.45;-0.27780287347688;-0.039586673581356;0
13.5;-0.279685642812523;-0.0357153845224527;0
13.55;-0.281374761736578;-0.0318418504721208;0
13.6;-0.282870297459655;-0.0279732655610164;0
13.65;-0.284172676723128;-0.0241168093559461;0
13.7;-0.285282683956595;-0.0202796023932538;0
13.75;-0.286201457245207;-0.0164686631187017;0
13.8;-0.286930482188222;-0.0126908666695883;0
13.85;-0.287471583750945;-0.00895290589515967;0
13.9;-0.287826916230932;-0.00526125496624005;0
13.95;-0.287998951475646;-0.00162213587563146;0
14;-0.287990465502555;0.00195851192151107;0
14.05;-0.287804523683757;0.00547505853218418;0
14.1;-0.287444464665625;0.00892220717431387;0
14.15;-0.286913883199648;0.0122950141630541;0
14.2;-0.28621661206367;0.0155889052999602;0
14.25;-0.285356703253201;0.0187996886798024;0
14.3;-0.284338408620605;0.0219235639756969;0
14.35;-0.283166160135844;0.0249571283049925;0
14.4;-0.281844549936412;0.0278973788154516;0
14.45;-0.280378310326284;0.030741712163371;0
14.5;-0.278772293874414;0.0334879210821921;0
14.55;-0.277031453752878;0.0361341882618033;0
14.6;-0.275160824443238;0.038679077775199;0
14.65;-0.27316550292764;0.0411215243006196;0
14.7;-0.271050630468516;0.0434608203940107;0
14.75;-0.268821375067962;0.0456966020689728;0
14.8;-0.266482914685028;0.0478288329397122;0
14.85;-0.264040421276492;0.0498577871773055;0
14.9;-0.26149904571439;0.0517840315213176;0
14.95;-0.258863903621685;0.0536084065779402;0
15;-0.256140062156285;0.0553320076228258;0
15.05;-0.253332527763003;0.0569561651121322;0
15.1;-0.250446234903317;0.0584824250894018;0
15.15;-0.247486035763793;0.0599125296591859;0
15.2;-0.244456690935937;0.0612483976811463;0
15.25;-0.241362861052961;0.0624921058210676;0
15.3;-0.238209099362586;0.0636458700780643;0
15.35;-0.234999845209433;0.0647120278905308;0
15.4;-0.231739418395854;0.0656930209072506;0
15.45;-0.228432014386101;0.0665913784947309;0
15.5;-0.225081700315547;0.0674097020373834;0
15.55;-0.221692411764209;0.0681506500737306;0
15.6;-0.21826795025192;0.0688169242994333;0
15.65;-0.214811981411305;0.0694112564566722;0
15.7;-0.211328033793954;0.0699363961192508;0
15.75;-0.207819498264974;0.070395099373747;0
15.8;-0.20428962794126;0.0707901183890755;0
15.85;-0.200741538629421;0.0711241918599088;0
15.9;-0.197178209720144;0.0714000363034924;0
15.95;-0.19360248549694;0.0716203381844079;0
16;-0.190017076818605;0.0717877468377414;0
16.05;-0.186424563136281;0.0719048681578212;0
16.1;-0.182827394807709;0.0719742590171426;0
16.15;-0.179227895673081;0.071998422378209;0
16.2;-0.175628265858825;0.0719798030597427;0
16.25;-0.172030584777557;0.07192078411797;0
16.3;-0.168436814294452;0.0718236838034042;0
16.35;-0.164848802032234;0.0716907530536792;0
16.4;-0.161268284788962;0.0715241734834607;0
16.45;-0.157696892044718;0.0713260558332392;0
16.5;-0.154136149535171;0.0710984388398209;0
16.55;-0.150587482871863;0.0708432884925604;0
16.6;-0.147052221190759;0.07056249764075;0
16.65;-0.143531600812377;0.0702578859190927;0
16.7;-0.140026768898351;0.0699311999597721;0
16.75;-0.136538787090874;0.0695841138612963;0
16.8;-0.133068635122871;0.0692182298859792;0
16.85;-0.129617214388156;0.0688350793596336;0
16.9;-0.126185351462068;0.0684361237487568;0
16.95;-0.122773801564306;0.0680227558921696;0
17;-0.119383251956779;0.0675963013657232;0
17.05;-0.116014325270303;0.0671580199603;0
17.1;-0.112667582754971;0.0667091072548851;0
17.15;-0.109343527449832;0.0662506962679841;0
17.2;-0.106042607268373;0.065783859172098;0
17.25;-0.102765217996998;0.0653096090573261;0
17.3;-0.0995117062043579;0.0648289017314615;0
17.35;-0.096282372060014;0.0643426375451711;0
17.4;-0.0930774720614259;0.0638516632319959;0
17.45;-0.0898972216687654;0.0633567737539849;0
17.5;-0.08674179784748;0.062858714144786;0
17.55;-0.0836113415189172;0.0623581813429521;0
17.6;-0.0805059599196617;0.0618558260090889;0
17.65;-0.077425728870536;0.0613522543212776;0
17.7;-0.0743706949564727;0.0608480297439449;0
17.75;-0.071340877618696;0.0603436747660364;0
17.8;-0.0683362711608309;0.0598396726049744;0
17.85;-0.0653568466707338;0.0593364688734488;0
17.9;-0.0624025538599607;0.0588344732066154;0
17.95;-0.0594733228229056;0.0583340608477424;0
18;-0.0565690657177255;0.0578355741907772;0
18.05;-0.053689678371237;0.0573393242786876;0
18.1;-0.0508350418100152;0.0568455922567816;0
18.15;-0.0480050237199631;0.0563546307805136;0
18.2;-0.0451994798366281;0.0558666653775693;0
18.25;-0.0424182552685578;0.0553818957642566;0
18.3;-0.0396611857559691;0.0549004971164551;0
18.35;-0.0369280988669964;0.05442262129556;0
18.4;-0.0342188151337532;0.0539483980300249;0
18.45;-0.0315331491304077;0.0534779360532504;0
18.5;-0.0288709104954371;0.0530113241986888;0
18.55;-0.0262319049001729;0.0525486324531366;0
18.6;-0.0236159349657033;0.0520899129692818;0
18.65;-0.0210228011301413;0.0516352010386338;0
18.7;-0.0184523024682105;0.0511845160260342;0
18.75;-0.015904237465037;0.0507378622669847;0
18.8;-0.0133784047459781;0.0502952299290647;0
18.85;-0.0108746037642472;0.0498565958387401;0
18.9;-0.0083926354480359;0.0494219242748749;0
18.95;-0.00593230280876304;0.0489911677302672;0
19;-0.00349341151201766;0.048564267642532;0
19.05;-0.00107577041269497;0.0481411550956463;0
19.1;0.00132080794423988;0.0477217514934599;0
19.15;0.00369650685599102;0.0473059692064583;0
19.2;0.00605150502586818;0.0468937121930444;0
19.25;0.0083859761576771;0.0464848765965766;0
19.3;0.0107000885793823;0.0460793513193772;0
19.35;0.0129940048949203;0.0456770185748887;0
19.4;0.0152678816630991;0.0452777544191244;0
19.45;0.0175218691025769;0.0448814292625202;0
19.5;0.0197561108219667;0.0444879083632609;0
19.55;0.0219707435741666;0.0440970523031069;0
19.6;0.0241658970340652;0.0437087174467145;0
19.65;0.0263416935988212;0.0433227563853909;0
19.7;0.0284982482099608;0.0429390183661904;0
19.75;0.030635668196583;0.0425573497072084;0
19.8;0.032754053139001;0.0421775941998857;0
19.85;0.0348534947521919;0.0417995934990926;0
19.9;0.0369340767884602;0.0414231875017144;0
19.95;0.0389958749587581;0.0410482147144156;0
20;0.0410389568721368;0.0406745126112128;0
