0;0.834369001099938;0.304814844837866;0
0.05;0.845636910283476;0.146727777013856;0
0.1;0.849201939625753;-0.00270509895477416;0
0.15;0.845575015818457;-0.140516181518178;0
0.2;0.835390609028703;-0.264726402981794;0
0.25;0.819359121786401;-0.374258219168754;0
0.3;0.798225397387314;-0.468784760426298;0
0.35;0.772735539575136;-0.548553917996959;0
0.4;0.743612530326943;-0.614216184371974;0
0.45;0.711539975739826;-0.666673772374669;0
0.5;0.677152684069904;-0.706958934868922;0
0.55;0.641032564578097;-0.736142663248128;0
0.6;0.603708386032354;-0.755270992086943;0
0.65;0.565658124523583;-0.76532434205754;0
0.7;0.527312872778845;-0.767194943306889;0
0.75;0.489060424323546;-0.761910778460156;0
0.8;0.451155767717683;-0.754121772449241;0
0.85;0.413658331833057;-0.745676717228511;0
0.9;0.376593066066708;-0.736879753614216;0
0.95;0.339971230546206;-0.727975504001386;0
1;0.30379318637269;-0.719156303803911;0
1.05;0.268050854826269;-0.710568228286726;0
1.1;0.232729902766226;-0.702316037142942;0
1.15;0.197811705088193;-0.69446716797131;0
1.2;0.163275128446137;-0.687054913125507;0
1.25;0.129098173683135;-0.680080915952578;0
1.3;0.0952595075681651;-0.673517124493154;0
1.35;0.0617399074465298;-0.667307344506805;0
1.4;0.0285236351794342;-0.661368539604613;0
1.45;-0.00440025082743393;-0.655592033981269;0
1.5;-0.0370366446922307;-0.649844781705311;0
1.55;-0.0693832108014117;-0.643970874010314;0
1.6;-0.101429286503324;-0.637793460095595;0
1.65;-0.133154894773022;-0.631117254520036;0
1.7;-0.164529900263368;-0.62373179181979;0
1.75;-0.195513349600952;-0.615415562825793;0
1.8;-0.226053042509164;-0.605941124010877;0
1.85;-0.25608538343442;-0.595081208868937;0
1.9;-0.285535562840199;-0.582615788589088;0
1.95;-0.31431811229814;-0.568339930743046;0
2;-0.342337867243237;-0.552072195500513;0
2.05;-0.369491355471086;-0.533663198976149;0
2.1;-0.395668608423942;-0.513003876010919;0
2.15;-0.420755367048334;-0.490032905358202;0
2.2;-0.444635626293383;-0.464742734044507;0
2.25;-0.467194434632978;-0.437183666681207;0
2.3;-0.488320840276944;-0.407465575679009;0
2.35;-0.507909180912633;-0.375512472962727;0
2.4;-0.525804829158152;-0.339537602700819;0
2.45;-0.541802105649635;-0.29968802422743;0
2.5;-0.55572562154909;-0.256711377240191;0
2.55;-0.567438979781942;-0.211415124858379;0
2.6;-0.576847045834259;-0.164637383825562;0
2.65;-0.583896735114673;-0.117217143498565;0
2.7;-0.588576343104227;-0.0699661145139002;0
2.75;-0.59091354917582;-0.0236441114248787;0
2.8;-0.590972307491708;0.0210606594199911;0
2.85;-0.588848891503127;0.0635456611061851;0
2.9;-0.584667380277358;0.103302305812507;0
2.95;-0.57857486786818;0.139918844273801;0
3;-0.570736647264739;0.17307863551128;0
3.05;-0.561331575787905;0.202554787150475;0
3.1;-0.550547776923702;0.228202228781486;0
3.15;-0.538578781193922;0.249948234690988;0
3.2;-0.525620160763128;0.267782285061701;0
3.25;-0.511866672196921;0.281745982933697;0
3.3;-0.497509802894969;0.291955041630428;0
3.35;-0.482707342466863;0.299920648126437;0
3.4;-0.467541316706004;0.306515161552351;0
3.45;-0.452077267703459;0.311858898524994;0
3.5;-0.43637479746286;0.316068912893378;0
3.55;-0.420487762059371;0.319257808825418;0
3.6;-0.404464517124588;0.321532867214733;0
3.65;-0.388348200186853;0.322995437878647;0
3.7;-0.372177037703159;0.323740553033394;0
3.75;-0.355984666747206;0.323856721553159;0
3.8;-0.339800463231424;0.323425868031651;0
3.85;-0.323649870224173;0.322523385298334;0
3.9;-0.3075547213774;0.321218273544237;0
3.95;-0.291533555715793;0.319573343424121;0
4;-0.275601921072831;0.317645464331653;0
4.05;-0.259772664312539;0.31548584245081;0
4.1;-0.244056207169525;0.313140316163626;0
4.15;-0.228460807095264;0.310649658957812;0
4.2;-0.212992802935485;0.308049882157943;0
4.25;-0.197656845600219;0.305372531638447;0
4.3;-0.182456114140795;0.302644974206342;0
4.35;-0.167392517831079;0.29989067060696;0
4.4;-0.152466884975805;0.297129433145617;0
4.45;-0.137679139247258;0.294377666767735;0
4.5;-0.123028464391609;0.291648593131163;0
4.55;-0.10851345815504;0.288952457765321;0
4.6;-0.0941384165168866;0.285779579941801;-0.0290380336383155
4.65;-0.0799675109613898;0.280720163248443;-0.0695939465409909
4.7;-0.0660982748794417;0.273711948789111;-0.110149859443666
4.75;-0.0526277195552161;0.264771593856143;-0.150705772346341
4.8;-0.0396520943566851;0.253913052666353;-0.191261685249017
4.85;-0.0272670006743811;0.241148429343138;-0.231817598151692
4.9;-0.0155674632275122;0.226488821874606;-0.272373511054368
4.95;-0.00464796042913491;0.209945107579061;-0.312929423957043
5;0.00539758207966794;0.191528623189208;-0.353485336859718
5.05;0.0144758283853258;0.171251697624093;-0.394041249762393
5.1;0.0224940914880042;0.149128003150714;-0.434597162665069
5.15;0.0293604049944363;0.125172701140876;-0.475153075567744
5.2;0.0349835967268291;0.0994023720766205;-0.515708988470419
5.25;0.0392733535359491;0.0718347358023362;-0.556264901373095
5.3;0.0421402673718035;0.0424881871193409;-0.59682081427577
5.35;0.043495854450207;0.0113811934754881;-0.637376727178445
5.4;0.0432525422812117;-0.0214683744626903;-0.677932640081121
5.45;0.0413236235118478;-0.0560438822525647;-0.718488552983796
5.5;0.0376231810953211;-0.0923304153902768;-0.759044465886471
5.55;0.0320659963525944;-0.130314950377192;-0.799600378789147
5.6;0.0245674601754621;-0.169986022148819;-0.840156291691822
5.65;0.0150435180867081;-0.211332659557343;-0.880712204594497
5.7;0.00341069228972506;-0.254342319925058;-0.921268117497173
5.75;-0.0104137616363912;-0.298997510277966;-0.961824030399848
5.8;-0.0265114890167834;-0.345270738798499;-1.00237994330252
5.85;-0.0449623681012437;-0.393117399898061;-1.0429358562052
5.9;-0.0658119781625476;-0.440532403282755;-1.00408329164444
5.95;-0.0889672630016365;-0.485322744815466;-0.96352737874176
6;-0.11429422977447;-0.527370413174004;-0.922971465839085
6.05;-0.141651710181586;-0.566503896441751;-0.88241555293641
6.1;-0.170888434127693;-0.602489341946807;-0.841859640033734
6.15;-0.201839757517226;-0.635024769924169;-0.801303727131059
6.2;-0.234324174954118;-0.663737459122069;-0.760747814228384
6.25;-0.268139806425227;-0.688185743784773;-0.720191901325708
6.3;-0.30306111076368;-0.707866511039321;-0.679635988423033
6.35;-0.338836141258384;-0.722229580018378;-0.639080075520358
6.4;-0.375184710550909;-0.730699808162533;-0.598524162617682
6.45;-0.411797860005457;-0.732707149201598;-0.557968249715007
6.5;-0.448339018144352;-0.727723964121711;-0.517412336812332
6.55;-0.484447169336107;-0.715307712286353;-0.476856423909656
6.6;-0.519734499853132;-0.694318840037199;-0.436300511006981
6.65;-0.553669269759267;-0.660882216948169;-0.395744598104306
6.7;-0.585620430127346;-0.615084356902589;-0.35518868520163
6.75;-0.614993504870513;-0.557938791142619;-0.314632772298955
6.8;-0.641254592576418;-0.490848624448465;-0.27407685939628
6.85;-0.66394847491888;-0.415545720926289;-0.233520946493605
6.9;-0.682712866590551;-0.333998557131321;-0.192965033590929
6.95;-0.697287495809416;-0.248299716628355;-0.152409120688254
7;-0.707517340108202;-0.160547029519325;-0.111853207785579
7.05;-0.713350057812152;-0.0727324897465852;-0.0712972948829032
7.1;-0.714828308122819;0.0133494746295402;-0.030741381980228
7.15;-0.712078361281294;0.0961085179173446;0
7.2;-0.705326376554549;0.172966667194019;0
7.25;-0.694910589378127;0.242540579002908;0
7.3;-0.681208573318624;0.304342079890976;0
7.35;-0.664615605041228;0.358144100682906;0
7.4;-0.645532787927583;0.403932916452799;0
7.45;-0.62435759709233;0.441859856842327;0
7.5;-0.601476765711601;0.472196475002248;0
7.55;-0.577261273892075;0.495295568575129;0
7.6;-0.552063115551068;0.51155914425457;0
7.65;-0.52621348931648;0.521413470046838;0
7.7;-0.500022068860672;0.525290744584152;0
7.75;-0.473744753380086;0.525557775056764;0
7.8;-0.4474884746459;0.524490355882401;0
7.85;-0.421313662511683;0.522335608839835;0
7.9;-0.395269133125129;0.519311255770203;0
7.95;-0.369393505653459;0.515607761315914;0
8;-0.343716510981247;0.511390501019632;0
8.05;-0.318260193032014;0.506801876645005;0
8.1;-0.293040006862168;0.501963322307563;0
8.15;-0.268065819939095;0.496977166296914;0
8.2;-0.243342824357742;0.491928329234335;0
8.25;-0.218872368414961;0.486885850734433;0
8.3;-0.194652716132942;0.481904245085341;0
8.35;-0.170679743139034;0.477024692476478;0
8.4;-0.146947576868581;0.472276076651153;0
8.45;-0.123449188429899;0.467675883054246;0
8.5;-0.100176942704087;0.463230973966837;0
8.55;-0.0771231123779846;0.458938259048654;0
8.6;-0.0542803606460382;0.454785281336778;0
8.65;-0.0316421962777602;0.450750740191358;0
8.7;-0.00920340363980668;0.446804973986652;0
8.75;0.0130395509079727;0.442910426509463;0
8.8;0.03508813604616;0.439022121982768;0
8.85;0.0569413970260466;0.435088174264802;0
8.9;0.0785956240471409;0.431050355921416;0
8.95;0.100044051107281;0.426844752331904;0
9;0.121276590176832;0.422402524537601;0
9.05;0.142279606674272;0.417650801939631;0
9.1;0.163035743182609;0.412513721970437;0
9.15;0.183523799070759;0.406913628317941;0
9.2;0.203718674089922;0.400772432063184;0
9.25;0.223591384018142;0.394013131209333;0
9.3;0.243109155946666;0.386561473693576;0
9.35;0.262235609772171;0.378347737431251;0
9.4;0.280931030834441;0.36930858879715;0
9.45;0.29915273640774;0.359388968960109;0
9.5;0.316855535946333;0.348543946587877;0
9.55;0.333992281680719;0.336740466679587;0
9.6;0.350514502495075;0.323958919736714;0
9.65;0.366373110173906;0.310194454128883;0
9.7;0.381519163316512;0.295457958099109;0
9.75;0.39590467074026;0.279776646776146;0
9.8;0.409483413294908;0.263194203747782;0
9.85;0.422211760940777;0.245770445601829;0
9.9;0.434049460911033;0.227580500244603;0
9.95;0.444960372922848;0.208713514197743;0
10;0.454913128777459;0.189270928590219;0
10.05;0.463881696252448;0.169364386235518;0
10.1;0.47184583080144;0.149113351163762;0
10.15;0.47879140301271;0.128642535745542;0
10.2;0.484710594750359;0.108079238082829;0
10.25;0.489601962085714;0.0875506932453949;0
10.3;0.493470368193525;0.0671815364231568;0
10.35;0.496326794034638;0.0470914649423246;0
10.4;0.49818803862282;0.0273931705980451;0
10.45;0.499076323796711;0.00819059540403439;0
10.5;0.499018820585681;-0.0104224557459971;0
10.55;0.498047115446529;-0.0283633313519244;0
10.6;0.496196634903097;-0.0455611821475471;0
10.65;0.493506046546619;-0.0619572613918564;0
10.7;0.490016653094567;-0.0775049075964594;0
10.75;0.485771794425471;-0.0921692493562072;0
10.8;0.480816270377922;-0.105926677253199;0
10.85;0.475195794786291;-0.118764130012007;0
10.9;0.468956488867794;-0.130678241646312;0
10.95;0.46214441979434;-0.14167439379622;0
11;0.454805188169125;-0.151765713380114;0
11.05;0.44698356624501;-0.160972050618272;0
11.1;0.438723187106837;-0.16931896691026;0
11.15;0.430066283707729;-0.176836756364422;0
11.2;0.421053475597691;-0.183559519295978;0
11.25;0.411723600395323;-0.189524300951938;0
11.3;0.402113586505159;-0.194770304227812;0
11.35;0.392258363243867;-0.199338181287062;0
11.4;0.382190804375389;-0.203269405799242;0
11.45;0.371941701035661;-0.206605724957185;0
11.5;0.361539760120896;-0.209388688469679;0
11.55;0.351011624391436;-0.211659250289881;0
11.6;0.340381910781435;-0.213457437858413;0
11.65;0.329673263682066;-0.214822083039524;0
11.7;0.318906420265464;-0.215790608637062;0
11.75;0.308100285224388;-0.216398864328498;0
11.8;0.297272012607907;-0.216681005991331;0
11.85;0.286437092728444;-0.216669412666597;0
11.9;0.275609442394515;-0.216394635766813;0
11.95;0.264801496982835;-0.21588537555617;0
12;0.254024303100902;-0.215168480381941;0
12.05;0.243287610805702;-0.214268964596806;0
12.1;0.232599964535828;-0.213210041566456;0
12.15;0.221968792083572;-0.212013168594081;0
12.2;0.211400491081569;-0.210698101005529;0
12.25;0.200900512606717;-0.20928295302115;0
12.3;0.190473441613932;-0.207784263390153;0
12.35;0.180123074005471;-0.20621706407965;0
12.4;0.169852490219735;-0.204594950593955;0
12.45;0.159664125288301;-0.202930152751276;0
12.5;0.149559835362894;-0.201233604966549;0
12.55;0.139540960756654;-0.199515015283005;0
12.6;0.129608385577602;-0.197782932563593;0
12.65;0.119762594057932;-0.196044811398897;0
12.7;0.110003723701741;-0.194307074413311;0
12.75;0.100331615386943;-0.192575171758139;0
12.8;0.090745860565399;-0.190853637671234;0
12.85;0.0812458457092894;-0.189146144059804;0
12.9;0.0718307941523019;-0.187455551127857;0
12.95;0.0624998054717017;-0.185783955124159;0
13;0.0532518925524124;-0.184132733331927;0
13.05;0.0440860164672007;-0.182502586459054;0
13.1;0.0350011192983202;-0.180893578618545;0
13.15;0.025996155015839;-0.179305175113965;0
13.2;0.0170701185166143;-0.177736278264765;0
13.25;0.00822207291572531;-0.176185261522024;0
13.3;-0.000548824830656766;-0.174650002136879;0
13.35;-0.00924329990531724;-0.173127912651988;0
13.4;-0.0178619371609671;-0.171615971491193;0
13.45;-0.0264051601639452;-0.170110752923996;0
13.5;-0.0348732117262703;-0.168608456679877;0
13.55;-0.0432661359152996;-0.167104937482558;0
13.6;-0.0515837615435702;-0.1655957347662;0
13.65;-0.0598256871542227;-0.164076102823934;0
13.7;-0.0679912675295623;-0.162541041623924;0
13.75;-0.0760796017616183;-0.160985328509273;0
13.8;-0.0840895229338243;-0.159403550975182;0
13.85;-0.0920195894719538;-0.157790140689822;0
13.9;-0.0998680782300141;-0.156139408894252;0
13.95;-0.107632979382699;-0.154445583281319;0
14;-0.115311993200031;-0.152702846413936;0
14.05;-0.122902528781768;-0.15090537569953;0
14.1;-0.13040170482883;-0.14904738489007;0
14.15;-0.137806352526205;-0.147123167026412;0
14.2;-0.145113020606427;-0.145127138692136;0
14.25;-0.152317982654577;-0.143053885386575;0
14.3;-0.15941724670484;-0.140898207769958;0
14.35;-0.166406567164888;-0.138655168476864;0
14.4;-0.173281459087753;-0.13632013913853;0
14.45;-0.180037214791557;-0.133888847201386;0
14.5;-0.186668922805586;-0.131357422080068;0
14.55;-0.193171489096984;-0.128722440139499;0
14.6;-0.199539660506142;-0.125980967964069;0
14.65;-0.205768050291007;-0.123130603344078;0
14.7;-0.211851165651575;-0.120169513391828;0
14.75;-0.217783437076218;-0.117096469193441;0
14.8;-0.223559249321931;-0.113910876408741;0
14.85;-0.229172973811611;-0.110612801251232;0
14.9;-0.234619002203873;-0.107202991313824;0
14.95;-0.239891780865326;-0.103682890753643;0
15;-0.244985845952361;-0.10005464941073;0
15.05;-0.249895858790066;-0.0963211255099595;0
15.1;-0.254616641220453;-0.0924858816818296;0
15.15;-0.259143210581328;-0.088553174134377;0
15.2;-0.263470813971344;-0.0845279349131983;0
15.25;-0.267594961456349;-0.080415747297073;0
15.3;-0.271511457877365;-0.0762228144902848;0
15.35;-0.275216432931416;-0.0719559218865387;0
15.4;-0.278706369212945;-0.0676223932903893;0
15.45;-0.281978127925562;-0.0632300415873634;0
15.5;-0.285028972000806;-0.058787114450619;0
15.55;-0.287856586392242;-0.0543022357574109;0
15.6;-0.290459095348697;-0.0497843434605437;0
15.65;-0.292835076509183;-0.0452426247164865;0
15.7;-0.294983571703212;-0.0406864491115282;0
15.75;-0.296904094382881;-0.0361253008493818;0
15.8;-0.298596633656474;-0.0315687107677008;0
15.85;-0.300061654936417;-0.0270261890373013;0
15.9;-0.301300097256413;-0.0225071593672481;0
15.95;-0.30231336735268;-0.018020895492659;0
16;-0.303103330641546;-0.0135764606617616;0
16.05;-0.303672299259804;-0.00918265076646547;0
16.1;-0.304023017364352;-0.00484794167876379;0
16.15;-0.304158643913629;-0.000580441266106585;0
16.2;-0.304082733174622;0.00361215353497374;0
16.25;-0.303799213215875;0.00772259430377392;0
16.3;-0.303312362658584;0.0117441131915267;0
16.35;-0.302626785964983;0.0156704493548235;0
16.4;-0.301747387545629;0.0194958697615472;0
16.45;-0.300679344965323;0.0232151844474952;0
16.5;-0.299428081521613;0.02682375637739;0
16.55;-0.297999238460405;0.030317506130954;0
16.6;-0.296398647080719;0.0336929116924412;0
16.65;-0.294632300965419;0.0369470036700424;0
16.7;-0.292706328557502;0.0400773563098005;0
16.75;-0.29062696628249;0.0430820746972098;0
16.8;-0.288400532397314;0.0459597785589212;0
16.85;-0.286033401725162;0.048709583087475;0
16.9;-0.283531981414516;0.0513310772144541;0
16.95;-0.280902687839447;0.0538242997527226;0
17;-0.2781519247374;0.0561897138173719;0
17.05;-0.275286062660676;0.0584281799185881;0
17.1;-0.272311419798626;0.0605409280988035;0
17.15;-0.269234244209527;0.0625295294621501;0
17.2;-0.266060697484434;0.0643958674172445;0
17.25;-0.262796839849897;0.0661421089255496;0
17.3;-0.259448616702612;0.0677706760177081;0
17.35;-0.256021846556679;0.069284217810011;0
17.4;-0.252522210373293;0.0706855832231203;0
17.45;-0.248955242233336;0.0719777945758199;0
17.5;-0.245326321305372;0.0731640221983145;0
17.55;-0.241640665055057;0.0742475601827927;0
17.6;-0.237903323636663;0.0752318033638272;0
17.65;-0.234119175403412;0.076120225597929;0
17.7;-0.23029292347038;0.0769163593902887;0
17.75;-0.226429093261812;0.0776237768974969;0
17.8;-0.222532030973702;0.0782460723178757;0
17.85;-0.218605902882275;0.0787868456659015;0
17.9;-0.214654695429535;0.0792496879140512;0
17.95;-0.21068221601817;0.0796381674741278;0
18;-0.206692094449723;0.0799558179806484;0
18.05;-0.20268778494204;0.0802061273310592;0
18.1;-0.1986725686644;0.080392527931273;0
18.15;-0.194649556731471;0.0805183880901555;0
18.2;-0.190621693600102;0.0805870045029798;0
18.25;-0.186591760816077;0.0806015957614101;0
18.3;-0.182562381061081;0.0805652968260947;0
18.35;-0.178536022453358;0.0804811543973613;0
18.4;-0.174515003058769;0.0803521231196671;0
18.45;-0.170501495572143;0.0801810625562528;0
18.5;-0.16649753213198;0.0799707348717922;0
18.55;-0.162505009234619;0.0797238031626076;0
18.6;-0.158525692716943;0.079442830376166;0
18.65;-0.15456122277959;0.0791302787639794;0
18.7;-0.150613119025307;0.0787885098146694;0
18.75;-0.146682785489739;0.078419784616726;0
18.8;-0.142771515644342;0.0780262646033692;0
18.85;-0.138880497353466;0.0776100126348418;0
18.9;-0.135010817769768;0.0771729943763972;0
18.95;-0.131163468154164;0.0767170799331614;0
19;-0.127339348608389;0.0762440457059071;0
19.05;-0.123539272709939;0.0757555764345733;0
19.1;-0.119763972040802;0.0752532673990619;0
19.15;-0.116014100602804;0.074738626749442;0
19.2;-0.11229023911375;0.0742130779401735;0
19.25;-0.108592899179746;0.0736779622453255;0
19.3;-0.104922527340166;0.0731345413339917;0
19.35;-0.101279508982753;0.072583999887215;0
19.4;-0.0976641721271729;0.072027448239701;0
19.45;-0.0940767910761934;0.0714659250314447;0
19.5;-0.0905175899342996;0.070900399856108;0
19.55;-0.086986745994221;0.0703317758945763;0
19.6;-0.0834843929923615;0.0697608925235895;0
19.65;-0.0800106242346045;0.0691885278906924;0
19.7;-0.0765654955943701;0.0686154014479982;0
19.75;-0.0731490283851457;0.0680421764383805;0
19.8;-0.0697612121100077;0.0674694623287532;0
19.85;-0.0664020070908918;0.0668978171860354;0
19.9;-0.0630713469805717;0.0663277499922421;0
19.95;-0.0597691411604608;0.0657597228959173;0
20;-0.0564952770274753;0.0651941533978089;0
