0;0.93573087278488;0.228943166927183;0
0.05;0.942053847823669;0.0262473591975456;0
0.1;0.938676823153027;-0.15840105534906;0
0.15;0.926579668432529;-0.32219420414147;0
0.2;0.90684053884501;-0.463958460918006;0
0.25;0.880562859816489;-0.583794867826941;0
0.3;0.848821205414333;-0.682696307509123;0
0.35;0.812625532669148;-0.762203566078479;0
0.4;0.772900976474351;-0.824129578554023;0
0.45;0.730479575751425;-0.87035765100489;0
0.5;0.686100382992153;-0.902706132236418;0
0.55;0.640414948760987;-0.922846522958088;0
0.6;0.593995853867656;-0.932261365455172;0
0.65;0.547346607148289;-0.932230005759821;0
0.7;0.500911759634629;-0.923832870711105;0
0.75;0.455033054964013;-0.911239300864537;0
0.8;0.409788196127963;-0.898543103021063;0
0.85;0.365173626782465;-0.886075643729897;0
0.9;0.321171484437632;-0.87408115664113;0
0.95;0.277753598726418;-0.862729170044281;0
1;0.234885007783373;-0.852122891209322;0
1.05;0.192527109923958;-0.842305476295048;0
1.1;0.150640546018928;-0.833264595610766;0
1.15;0.109187887971969;-0.824935686200714;0
1.2;0.0681361892546459;-0.817204280370363;0
1.25;0.0274594338132181;-0.809907809272523;0
1.3;-0.0128591007925165;-0.802837302111662;0
1.35;-0.0528245718520874;-0.795739428567106;0
1.4;-0.0924284204270884;-0.788319356631098;0
1.45;-0.131646393564161;-0.780244909293334;0
1.5;-0.170436816552757;-0.771152487860859;0
1.55;-0.208739214140379;-0.760655172054657;0
1.6;-0.246473397535466;-0.748353292667695;0
1.65;-0.283539144569858;-0.733847590429536;0
1.7;-0.319816600046936;-0.716754821578447;0
1.75;-0.355167508686938;-0.696725355713207;0
1.8;-0.38943736166986;-0.67346196019214;0
1.85;-0.422458488748226;-0.646738620498386;0
1.9;-0.454054062961535;-0.616417964859796;0
1.95;-0.484042908897605;-0.58246570739573;0
2;-0.512241959650968;-0.544556180330362;0
2.05;-0.538385988887376;-0.499951483998885;0
2.1;-0.562132970286099;-0.448817918259794;0
2.15;-0.583181466530661;-0.3921874093065;0
2.2;-0.601285687678972;-0.331246177825307;0
2.25;-0.616261917235354;-0.267281612275139;0
2.3;-0.627992108403306;-0.201623157196655;0
2.35;-0.636424498124186;-0.135583113315828;0
2.4;-0.641571375030117;-0.0704028394818468;0
2.45;-0.64350438459554;-0.00720864081783478;0
2.5;-0.642347928256569;0.0530200530345669;0
2.55;-0.638271298697815;0.109469396832438;0
2.6;-0.631480194282261;0.161497462397769;0
2.65;-0.622208188504008;0.208630063305752;0
2.7;-0.610708619095615;0.250548571628328;0
2.75;-0.597247230426829;0.287072397607127;0
2.8;-0.582095772639081;0.318138620697676;0
2.85;-0.565526645960897;0.343780856707802;0
2.9;-0.547808586759275;0.364108943341361;0
2.95;-0.529203325543716;0.379290519700035;0
3;-0.509963104920962;0.389535124735382;0
3.05;-0.490326062778099;0.395433382332388;0
3.1;-0.470448994479164;0.399418596801613;0
3.15;-0.450406880377644;0.402062619126515;0
3.2;-0.43026238819405;0.403539210932306;0
3.25;-0.410069837969073;0.404008464735997;0
3.3;-0.389875886652075;0.403616810030379;0
3.35;-0.369720205418639;0.402497284534751;0
3.4;-0.349636138426337;0.400769994373638;0
3.45;-0.329651335154008;0.398542701690867;0
3.5;-0.309788351217007;0.395911490998973;0
3.55;-0.290065214707365;0.392961476412737;0
3.6;-0.270495956767742;0.389767520948236;0
3.65;-0.251091106357907;0.386394946474749;0
3.7;-0.231858150088114;0.382900218900562;0
3.75;-0.212801958640473;0.37933159797095;0
3.8;-0.193925181731837;0.375729744860411;0
3.85;-0.175228613834917;0.372128283734378;0
3.9;-0.156711533004742;0.368554315798126;0
3.95;-0.138372015184173;0.365028886178459;0
4;-0.120207226307845;0.361567405410899;0
4.05;-0.102213694406239;0.358180028424689;0
4.1;-0.0843875637439815;0.354871994804597;0
4.15;-0.0667248328191597;0.351643934820753;0
4.2;-0.0492215778108707;0.348492146299296;0
4.25;-0.0318741627962099;0.345408847888492;0
4.3;-0.0146794377698361;0.34238241467658;0
4.35;0.00236507480709237;0.339397602448013;0
4.4;0.0192610045229172;0.336435767123312;0
4.45;0.0360089685227774;0.333475086105418;0
4.5;0.0526084182721571;0.330490788335163;0
4.55;0.0690574981812865;0.327455399816719;0
4.6;0.0853529170289341;0.324339011181443;0
4.65;0.101489833444011;0.321109573482797;0
4.7;0.117461756999215;0.31773322782176;0
4.75;0.133260466730977;0.314174673558667;0
4.8;0.148875949110987;0.310397578745684;0
4.85;0.16429635764214;0.306365034995165;0
4.9;0.179507996320807;0.302040057276586;0
4.95;0.194495329182848;0.297386127120398;0
5;0.209241018018971;0.292367775433744;0
5.05;0.223725990094252;0.286951198658898;0
5.1;0.237929537328804;0.281104899415394;0
5.15;0.251829447888678;0.274800340173201;0
5.2;0.265402170501191;0.268012596043328;0
5.25;0.278623011057419;0.260720990599193;0
5.3;0.291466360215126;0.252909696922403;0
5.35;0.303905949794692;0.244568284964598;0
5.4;0.315915134803345;0.235692195981701;0
5.45;0.327467196970633;0.226283125347409;0
5.5;0.338535664777103;0.216349296562994;0
5.55;0.349094644156919;0.205905611766977;0
5.6;0.359119153401888;0.194973667460584;0
5.65;0.368585455332342;0.183581628382615;0
5.7;0.377471379565546;0.171763957302412;0
5.75;0.385756627729691;0.159561003706872;0
5.8;0.393423054752635;0.147018459650399;0
5.85;0.400454919896165;0.134186696109834;0
5.9;0.406839101989985;0.121119997739303;0
5.95;0.41256527431206;0.107875717682655;0
6;0.417626035718156;0.0945133768569332;0
6.05;0.422016995889074;0.0810937337228498;0
6.1;0.425736813879552;0.0676778509432126;0
6.15;0.428787190457451;0.0543261845171795;0
6.2;0.431172815957778;0.0410977190661748;0
6.25;0.432901276492378;0.0280491701019376;0
6.3;0.433982922311247;0.015234270543672;0
6.35;0.434430702875467;0.00270315471361154;0
6.4;0.434259973757357;-0.00949815121976928;0
6.45;0.433488280825489;-0.0213281276241987;0
6.5;0.432135127307116;-0.032750047897992;0
6.55;0.430221729264121;-0.0437321559736644;0
6.6;0.427770764794471;-0.0542477408109956;0
6.65;0.424806121907671;-0.0642751163367487;0
6.7;0.42135264955135;-0.0737975171273815;0
6.75;0.417435915718491;-0.0828029213409655;0
6.8;0.413081975971728;-0.0912838130266673;0
6.85;0.408317155110126;-0.0992368960403904;0
6.9;0.403167844099321;-0.106662771454992;0
6.95;0.397660313807439;-0.113565589661932;0
7;0.391820546552223;-0.119952687408175;0
7.05;0.385674085980245;-0.125834218882786;0
7.1;0.379245905373729;-0.131222788738684;0
7.15;0.372560294117748;-0.13613309367224;0
7.2;0.365640761760591;-0.14058157794047;0
7.25;0.358509958860915;-0.144586107014022;0
7.3;0.351189613633045;-0.148165662474029;0
7.35;0.343700483271265;-0.151340060281694;0
7.4;0.336062318749435;-0.154129693692029;0
7.45;0.3297866282724;-0.0881253590881896;1.58338766571887
7.5;0.327253631871064;-0.0132693634774156;1.58338766571887
7.55;0.328428711516783;0.0601711660919002;1.58338766571887
7.6;0.333202168706437;0.121434993582695;0
7.65;0.339073756201752;0.113381819353919;0
7.7;0.344538298306479;0.105156731350578;0
7.75;0.349587797240841;0.0967839761384302;0
7.8;0.354215507420077;0.0882893510121245;0
7.85;0.358416005769254;0.0796999111483943;0
7.9;0.36218524693929;0.0710436595208835;0
7.95;0.365520602722787;0.0623492260577912;0
8;0.368420885297469;0.0536455426891174;0
8.05;0.37088635425679;0.044961520874514;0
8.1;0.372918707711083;0.0363257379348986;0
8.15;0.374521058047962;0.0277661380502436;0
8.2;0.375697893218858;0.0193097531597476;0
8.25;0.376455024661919;0.0109824482426004;0
8.3;0.376799523174464;0.0028086946053944;0
8.35;0.376739644207011;-0.00518862610496704;0
8.4;0.37628474416377;-0.0129883853677872;0
8.45;0.375445189361535;-0.0205713378441008;0
8.5;0.374232259321839;-0.0279202179849172;0
8.55;0.372658046053301;-0.0350198039336084;0
8.6;0.370735350926577;-0.0418569501454491;0
8.65;0.368477580658396;-0.0484205907194418;0
8.7;0.365898643809609;-0.0547017158931577;0
8.75;0.363012849070671;-0.0606933244889988;0
8.8;0.359834806462544;-0.066390355323643;0
8.85;0.356379332427095;-0.0717896007090642;0
8.9;0.352661359623741;-0.0768896051941171;0
8.95;0.34869585209288;-0.0816905526329743;0
9;0.344497726295414;-0.0861941445346063;0
9.05;0.340081778394353;-0.0904034724602523;0
9.1;0.335462618011803;-0.0943228870073549;0
9.15;0.330654608573914;-0.0979578656617831;0
9.2;0.325671814249135;-0.101314881527147;0
9.25;0.320527953391595;-0.104401274660938;0
9.3;0.315236358321849;-0.107225127470785;0
9.35;0.309809941211338;-0.10979514535739;0
9.4;0.30426116578384;-0.112120543539047;0
9.45;0.298602024506431;-0.11421094076016;0
9.5;0.292844020912622;-0.116076260375384;0
9.55;0.286998156680607;-0.117726639113432;0
9.6;0.281074923078467;-0.119172343660787;0
9.65;0.275084296384838;-0.120423695065207;0
9.7;0.269035736896527;-0.121491000841101;0
9.75;0.26293819114298;-0.122384494562395;0
9.8;0.256800096940212;-0.123114282651544;0
9.85;0.250629390932929;-0.123690298014188;0
9.9;0.244433518292223;-0.124122260125632;0
9.95;0.238219444256739;-0.124419641145779;0
10;0.231993667226811;-0.124591637621636;0
10.05;0.225762233143385;-0.124647147329023;0
10.1;0.219530750905944;-0.124594750806132;0
10.15;0.213304408605847;-0.12444269713936;0
10.2;0.207087990373179;-0.124198893575183;0
10.25;0.200885893656085;-0.123870898549287;0
10.3;0.194702146771498;-0.123465917744835;0
10.35;0.188540426585015;-0.122990802814567;0
10.4;0.182404076195355;-0.122452052425623;0
10.45;0.176296122515235;-0.12185581531097;0
10.5;0.170219293655725;-0.121207895036424;0
10.55;0.164176036035012;-0.12051375621715;0
10.6;0.158168531145267;-0.119778531941814;0
10.65;0.152198711922748;-0.119007032185942;0
10.7;0.146268278676683;-0.118203753018425;0
10.75;0.14037871454171;-0.117372886426174;0
10.8;0.134531300426934;-0.116518330601813;0
10.85;0.128727129441916;-0.11564370055773;0
10.9;0.122967120786339;-0.114752338946929;0
10.95;0.11725203309566;-0.113847326986853;0
11;0.111582477239889;-0.112931495396781;0
11.05;0.105958928576767;-0.112007435272493;0
11.1;0.100381738664146;-0.111077508833825;0
11.15;0.0948511464392871;-0.110143859991451;0
11.2;0.0893672888752734;-0.109208424688858;0
11.25;0.0839302111266804;-0.108272940984129;0
11.3;0.0785398761782414;-0.10733895884377;0
11.35;0.073196174011455;-0.106407849627668;0
11.4;0.0678989303049725;-0.105480815250217;0
11.45;0.062647914685219;-0.104558897007947;0
11.5;0.0574428485440712;-0.103642984068558;0
11.55;0.0522834124405573;-0.102733821620291;0
11.6;0.0471692531035239;-0.101832018683974;0
11.65;0.0420999900520102;-0.100938055593091;0
11.7;0.037075221849744;-0.100052291149682;0
11.75;0.032094532009727;-0.0991749694660574;0
11.8;0.0271574945643338;-0.0983062265040357;0
11.85;0.0222636793157233;-0.0974460963249052;0
11.9;0.0174126567806747;-0.0965945170644456;0
11.95;0.0126040028432148;-0.0957513366482966;0
12;0.00783730312762554;-0.09491631826364;0
12.05;0.00311215710360542;-0.094089145603663;0
12.1;-0.00157181806547134;-0.0932694279015888;0
12.15;-0.00621498392109888;-0.0924567047712166;0
12.2;-0.0108176773457358;-0.0916504508709194;0
12.25;-0.0153802074280462;-0.0908500804079344;0
12.3;-0.0199028525497167;-0.09005495149953;0
12.35;-0.0243858576870985;-0.0892643704072886;0
12.4;-0.0288294319217269;-0.0884775956602834;0
12.45;-0.0332337461545461;-0.0876938420823816;0
12.5;-0.0375989310194107;-0.0869122847382612;0
12.55;-0.0419250749921507;-0.0861320628120017;0
12.6;-0.0462122226921562;-0.0853522834313061;0
12.65;-0.0504603733740713;-0.0845720254495185;0
12.7;-0.0546694796077718;-0.0837903431966425;0
12.75;-0.058839446145333;-0.083006270209536;0
12.8;-0.0629701289741796;-0.0822188229503427;0
12.85;-0.0670613345560289;-0.08142700452107;0
12.9;-0.0711128192516101;-0.080629808380966;0
12.95;-0.0751242889314338;-0.079826222072078;0
13;-0.079095398773133;-0.0790152309570114;0
13.05;-0.0830257532460524;-0.07819582197152;0
13.1;-0.0869149062838648;-0.077366987393114;0
13.15;-0.0907623616460157;-0.0765277286253907;0
13.2;-0.0945675734687415;-0.075677059996294;0
13.25;-0.0983299470062829;-0.0748140125669718;0
13.3;-0.102048839562708;-0.0739376379463724;0
13.35;-0.105723561614476;-0.07304701210518;0
13.4;-0.109353378123524;-0.0721412391811697;0
13.45;-0.112937510040214;-0.0712194552665703;0
13.5;-0.116475135994971;-0.0702808321665695;0
13.55;-0.119965394176882;-0.0693245811167025;0
13.6;-0.123407384396851;-0.0683499564455437;0
13.65;-0.126800170332231;-0.0673562591678881;0
13.7;-0.130142781949033;-0.0663428404924903;0
13.75;-0.13343421809706;-0.0653091052274197;0
13.8;-0.136673449272371;-0.0642545150652398;0
13.85;-0.139859420540633;-0.0631785917295109;0
13.9;-0.142991054613931;-0.0620809199635893;0
13.95;-0.146067255072696;-0.0609611503423537;0
14;-0.149086909723387;-0.0598190018873474;0
14.05;-0.15204889408162;-0.0586542644658977;0
14.1;-0.15495207496947;-0.0574668009550656;0
14.15;-0.157795314214708;-0.0562565491518008;0
14.2;-0.160577472438847;-0.0550235234114303;0
14.25;-0.163297412919978;-0.0537678159976019;0
14.3;-0.16595400551557;-0.0524895981280193;0
14.35;-0.168546130629681;-0.0511891207017619;0
14.4;-0.171072683208315;-0.0498667146956464;0
14.45;-0.173532576746116;-0.04852279121897;0
14.5;-0.175924747287099;-0.0471578412180388;0
14.55;-0.178248157401722;-0.0457724348241351;0
14.6;-0.180501800122386;-0.0443672203409691;0
14.65;-0.182684702819262;-0.0429429228701885;0
14.7;-0.1847959309984;-0.041500342576141;0
14.75;-0.186834592004133;-0.0400403525937836;0
14.8;-0.18879983860812;-0.0385638965863652;0
14.85;-0.190690872467713;-0.0370719859622528;0
14.9;-0.192506947436914;-0.0355656967629839;0
14.95;-0.194247372713829;-0.0340461662372846;0
15;-0.195911515809339;-0.0325145891183505;0
15.05;-0.197498805322648;-0.0309722136241163;0
15.1;-0.199008733510369;-0.0294203372025189;0
15.15;-0.200440858637024;-0.0278603020458347;0
15.2;-0.201794807096024;-0.0262934904000484;0
15.25;-0.203070275291576;-0.0247213196968325;0
15.3;-0.204267031273365;-0.0231452375370922;0
15.35;-0.205384916117331;-0.0215667165561189;0
15.4;-0.206423845047387;-0.0199872492011999;0
15.45;-0.207383808294493;-0.0184083424530378;0
15.5;-0.208264871691039;-0.0168315125225353;0
15.55;-0.209067177000124;-0.015258279554402;0
15.6;-0.209790941980823;-0.0136901623686431;0
15.65;-0.210436460192105;-0.0121286732703057;0
15.7;-0.211004100539562;-0.0105753129568962;0
15.75;-0.211494306570531;-0.00903156555165909;0
15.8;-0.211907595524578;-0.00749889378944995;0
15.85;-0.212244557147606;-0.00597873438024986;0
15.9;-0.212505852279064;-0.00447249357350009;0
15.95;-0.212692211222818;-0.00298154294439349;0
16;-0.212804431913281;-0.00150721542108247;0
16.05;-0.212843377889254;-5.08015694759392e-05;0
16.1;-0.212809976088754;0.0013864538500689;0
16.15;-0.212705214478693;0.00280335504227102;0
16.2;-0.212530139533881;0.00419875804321557;0
16.25;-0.212285853580164;0.00557157328639089;0
16.3;-0.211973512016865;0.0069207678638524;0
16.35;-0.211594320433823;0.00824536748023486;0
16.4;-0.211149531638397;0.00954445809959486;0
16.45;-0.210640442607749;0.0108171872872253;0
16.5;-0.210068391381575;0.0120627652506238;0
16.55;-0.209434753910159;0.0132804655857042;0
16.6;-0.208740940872315;0.0144696257360964;0
16.65;-0.207988394477334;0.0156296471749851;0
16.7;-0.207178585264529;0.0167599953203686;0
16.75;-0.206313008913429;0.0178601991958887;0
16.8;-0.205393183076996;0.0189298508504728;0
16.85;-0.204420644249593;0.0199686045509504;0
16.9;-0.20339694468067;0.0209761757625527;0
16.95;-0.202323649344402;0.0219523399327881;0
17;-0.201202332974707;0.0228969310946014;0
17.05;-0.200034577174279;0.0238098403049914;0
17.1;-0.198821967605455;0.0246910139353785;0
17.15;-0.19756609126993;0.0255404518299932;0
17.2;-0.196268533883501;0.0263582053484126;0
17.25;-0.194930877351253;0.0271443753081055;0
17.3;-0.193554697347781;0.0278991098424832;0
17.35;-0.192141561006315;0.0286226021894911;0
17.4;-0.190693024719834;0.0293150884252338;0
17.45;-0.189210632056592;0.0299768451565152;0
17.5;-0.187695911791754;0.0306081871855036;0
17.55;-0.186150376056241;0.0312094651590138;0
17.6;-0.18457551860325;0.0317810632141393;0
17.65;-0.182972813192349;0.0323233966311879;0
17.7;-0.181343712090535;0.0328369095040677;0
17.75;-0.179689644689135;0.0333220724374591;0
17.8;-0.178012016235011;0.0337793802792976;0
17.85;-0.176312206674091;0.0342093498962766;0
17.9;-0.174591569604906;0.0346125179992904;0
17.95;-0.172851431339483;0.0349894390249491;0
18;-0.171093090068649;0.0353406830785471;0
18.05;-0.169317815128555;0.035666833943129;0
18.1;-0.167526846365009;0.0359684871585994;0
18.15;-0.16572139359205;0.0362462481741525;0
18.2;-0.163902636140999;0.0365007305766653;0
18.25;-0.162071722496163;0.0367325543970997;0
18.3;-0.160229770013231;0.0369423444964021;0
18.35;-0.158377864716384;0.0371307290318692;0
18.4;-0.156517061170051;0.0372983380044649;0
18.45;-0.154648382421291;0.0374458018871375;0
18.5;-0.152772820008739;0.0375737503337747;0
18.55;-0.150891334034108;0.0376828109680775;0
18.6;-0.149004853292273;0.0377736082512981;0
18.65;-0.147114275456031;0.0378467624274973;0
18.7;-0.145220467311694;0.0379028885447171;0
18.75;-0.143324265041768;0.0379425955502367;0
18.8;-0.141426474551061;0.037966485457888;0
18.85;-0.139527871832677;0.037975152585235;0
18.9;-0.137629203370451;0.0379691828582894;0
18.95;-0.135731186574515;0.037949153181317;0
19;-0.133834510246808;0.0379156308692013;0
19.05;-0.13193983507345;0.0378691731397675;0
19.1;-0.130047794141066;0.0378103266634159;0
19.15;-0.128158993474259;0.0377396271673949;0
19.2;-0.126274012591544;0.0376575990920243;0
19.25;-0.124393405077256;0.0375647552961877;0
19.3;-0.122517699166983;0.0374615968094306;0
19.35;-0.120647398344306;0.0373486126280269;0
19.4;-0.118782981946686;0.0372262795524219;0
19.45;-0.116924905778492;0.0370950620635041;0
19.5;-0.115073602729315;0.0369554122352205;0
19.55;-0.113229483395778;0.0368077696811113;0
19.6;-0.111392936705232;0.0366525615324132;0
19.65;-0.109564330539805;0.0364902024454531;0
19.7;-0.107744012359393;0.0363210946361338;0
19.75;-0.105932309822301;0.0361456279393994;0
19.8;-0.104129531402323;0.0359641798916446;0
19.85;-0.102335967001174;0.0357771158341252;0
19.9;-0.100551888555265;0.0355847890355101;0
19.95;-0.0987775506359112;0.0353875408318038;0
20;-0.0970131910421445;0.0351857007819536;0
