0;0.743688341487326;0.0529602083663827;0
0.05;0.743848890740926;-0.0456918437330026;0
0.1;0.739245068489095;-0.137374886654658;0
0.15;0.730255533375726;-0.220949555918608;0
0.2;0.717305546889178;-0.295685119923771;0
0.25;0.700847727296821;-0.361208973627739;0
0.3;0.681345684818057;-0.417443618005915;0
0.35;0.659260921119624;-0.464540445954877;0
0.4;0.635042974010682;-0.502817050857098;0
0.45;0.609122518002146;-0.532702191421844;0
0.5;0.581906980725755;-0.554690392153106;0
0.55;0.553778178013482;-0.569306583460906;0
0.6;0.525091477715242;-0.577080170541713;0
0.65;0.496175968759301;-0.578564644970165;0
0.7;0.467284129327611;-0.576879625242372;0
0.75;0.438507941609699;-0.573983435184685;0
0.8;0.409901203439235;-0.570140777709919;0
0.85;0.381505386011187;-0.565580496406144;0
0.9;0.353351345084606;-0.560498829816411;0
0.95;0.325460873589626;-0.555062487706249;0
1;0.297847901059938;-0.549453618235828;-0.0057417469568422
1.05;0.27050337137303;-0.544469203022099;-0.0251395407299577
1.1;0.243384742797976;-0.540431476337378;-0.0445373345030733
1.15;0.216443010104358;-0.537404886531447;-0.0639351282761888
1.2;0.189626314294985;-0.535439242595403;-0.0833329220493044
1.25;0.162880657816179;-0.534570313954194;-0.10273071582242
1.3;0.136150600430037;-0.534820004887142;-0.122128509595535
1.35;0.109379956816772;-0.536196111063497;-0.141526303368651
1.4;0.0825125166653147;-0.538691663476256;-0.160924097141767
1.45;0.0554928077472337;-0.542283865538102;-0.180321890914882
1.5;0.028266922095852;-0.546932633198012;-0.199719684687998
1.55;0.000783424722067856;-0.552578756736357;-0.219117478461113
1.6;-0.0269927017936304;-0.558305069482785;-0.202393404740532
1.65;-0.0550280665897163;-0.562925126607743;-0.182992196464024
1.7;-0.0832644759583155;-0.566324199235631;-0.163590988187516
1.75;-0.111637676982421;-0.56837037777509;-0.144189779911008
1.8;-0.140076318409712;-0.568912049425043;-0.1247885716345
1.85;-0.168501041407366;-0.567781114865243;-0.105387363357992
1.9;-0.196823757890425;-0.564797290039895;-0.0859861550814839
1.95;-0.224947172233244;-0.559773545656143;-0.0665849468049758
2;-0.2527646031705;-0.552522667820201;-0.0471837385284677
2.05;-0.280160159691906;-0.542864832811927;-0.0277825302519596
2.1;-0.307009316760847;-0.530635981540183;-0.00838132197545149
2.15;-0.33318138473848;-0.515852004060475;0
2.2;-0.358564435201361;-0.499117923412441;0
2.25;-0.383062401443559;-0.480432331266041;0
2.3;-0.406576183664897;-0.459740975645859;0
2.35;-0.429005028126482;-0.437032729420868;0
2.4;-0.450248774314246;-0.412342967947626;0
2.45;-0.470210228607541;-0.385755200040445;0
2.5;-0.488797570829521;-0.357400719599833;0
2.55;-0.505925763502202;-0.327298602770641;0
2.6;-0.521473137887989;-0.293945619363791;0
2.65;-0.535270624866809;-0.257403030575347;0
2.7;-0.547175129563019;-0.218336304867759;0
2.75;-0.557077946741026;-0.177451787472408;0
2.8;-0.564906218735127;-0.135473093617364;0
2.85;-0.570623208760891;-0.0931176111589007;0
2.9;-0.574227435638686;-0.0510747039277032;0
2.95;-0.575750789049999;-0.00998692259412549;0
3;-0.575255800119865;0.0295648713883218;0
3.05;-0.572832276266478;0.0670720112632586;0
3.1;-0.568593521237675;0.102104131003162;0
3.15;-0.562672353388875;0.134311201157093;0
3.2;-0.555217111913002;0.163422081452194;0
3.25;-0.546387807232559;0.18924032559976;0
3.3;-0.536352533411873;0.211638021677129;0
3.35;-0.525284221814044;0.230548418489508;0
3.4;-0.513357779752659;0.245957999017276;0
3.45;-0.500747627773611;0.257898540717726;0
3.5;-0.487612195606722;0.267298552036306;0
3.55;-0.474041388700924;0.275330785768722;0
3.6;-0.460100912957962;0.282099666251269;0
3.65;-0.445851412624662;0.287706190448163;0
3.7;-0.431348514629551;0.292249833808384;0
3.75;-0.416642934806275;0.29582738864215;0
3.8;-0.401780635500616;0.298532065295395;0
3.85;-0.386803022266449;0.300452822252725;0
3.9;-0.371747169035925;0.301673892072299;0
3.95;-0.35664606276043;0.302274471947627;0
4;-0.341528860016829;0.30232855027527;0
4.05;-0.326421149431906;0.30190484355669;0
4.1;-0.311345214984924;0.301066821036416;0
4.15;-0.296320296302097;0.299872797508058;0
4.2;-0.281362842962675;0.298376077592144;0
4.25;-0.266486760604068;0.296625137437181;0
4.3;-0.251703647255204;0.294663832181961;0
4.35;-0.237023018856505;0.292531619630867;0
4.4;-0.222452523355197;0.290263792438756;0
4.45;-0.207998143109108;0.287891712692231;0
4.5;-0.193664385603011;0.285443044130413;0
4.55;-0.179454462690002;0.282941978394567;0
4.6;-0.165370458726229;0.280409452656779;0
4.65;-0.151413488079201;0.277863356777833;0
4.7;-0.137583842565353;0.275318728806433;0
4.75;-0.123881129417895;0.272787938177019;0
4.8;-0.110304400406573;0.27028085641061;0
4.85;-0.0968522727313125;0.267805015488912;0
4.9;-0.0835230422955142;0.265365754370672;0
4.95;-0.0703147899350095;0.262966354363127;0
5;-0.0572254811379213;0.26060816426045;0
5.05;-0.0442530597408836;0.258290716323515;0
5.1;-0.0313955360299464;0.256011834307537;0
5.15;-0.018651069611401;0.253767734850963;0
5.2;-0.00601804734988675;0.251553123623832;0
5.25;0.00650484340046443;0.249361287698571;0
5.3;0.0189185461204551;0.247184185651719;0
5.35;0.0312235709305866;0.245012536931053;0
5.4;0.0434199348778684;0.242835912027719;0
5.45;0.0555071067830156;0.240642824975164;0
5.5;0.0674839568015014;0.238420829653233;0
5.55;0.0793487109241638;0.236156621303408;0
5.6;0.0910989107109033;0.233836144556449;0
5.65;0.102731378612712;0.231444709133177;0
5.7;0.114242189291011;0.228967114199608;0
5.75;0.125626647386982;0.22638778213668;0
5.8;0.136879272225208;0.223690902220842;0
5.85;0.147993789953237;0.220860584404629;0
5.9;0.158963133619643;0.217881023037714;0
5.95;0.169779451675645;0.214736669982375;0
6;0.180434125347761;0.211412416159081;0
6.05;0.190917795269795;0.207893780116482;0
6.1;0.201220397680898;0.204167101767071;0
6.15;0.21133121039222;0.200219738979007;0
6.2;0.221238908598291;0.196040264282531;0
6.25;0.23093163046215;0.191618658554336;0
6.3;0.240397052237676;0.186946498204744;0
6.35;0.249622472511935;0.182017132130525;0
6.4;0.258594904958889;0.176825844529846;0
6.45;0.267301178798831;0.171369999622593;0
6.5;0.275728045961341;0.165649164393244;0
6.55;0.28386229376011;0.159665205684483;0
6.6;0.29169086171259;0.153422358322078;0
6.65;0.299200960983144;0.146927261443171;0
6.7;0.306380194801976;0.140188960822076;0
6.75;0.31321667811979;0.13321887572385;0
6.8;0.31969915470493;0.126030729643664;0
6.85;0.325817109879692;0.118640445180561;0
6.9;0.331560877127857;0.111066004214423;0
6.95;0.336921736886796;0.103327275468572;0
7;0.341892005963624;0.0954458124103293;0
7.05;0.346465116182583;0.0874446252320107;0
7.1;0.350635681075409;0.0793479313324562;0
7.15;0.354399549661486;0.0711808892567254;0
7.2;0.357753846622573;0.0629693214281472;0
7.25;0.360696998449394;0.0547394312095489;0
7.3;0.363228745415547;0.0465175198546973;0
7.35;0.365350139509252;0.038329708760797;0
7.4;0.367063528716783;0.0302016721202841;0
7.45;0.368372528295551;0.0221583846140871;0
7.5;0.369281979892997;0.0142238882134754;0
7.55;0.369797899554504;0.00642108149196562;0
7.6;0.369927415815697;-0.00122846587705259;0
7.65;0.369678699189521;-0.00870467151649881;0
7.7;0.369060884435559;-0.0159890704702244;0
7.75;0.368083987039052;-0.0230649166189655;0
7.8;0.366758815331706;-0.0299172556289295;0
7.85;0.365096879658815;-0.0365329702843804;0
7.9;0.363110299941074;-0.0429007995836921;0
7.95;0.360811712899224;-0.0490113334157633;0
8;0.358214180109853;-0.0548569849764588;0
8.05;0.355331097946101;-0.0604319433330671;0
8.1;0.352176110332346;-0.0657321087025118;0
8.15;0.348763025111461;-0.0707550130829763;0
8.2;0.345105734690991;-0.0754997288775998;0
8.25;0.34121814150405;-0.0799667680833354;0
8.3;0.337114088694868;-0.0841579744989705;0
8.35;0.332807296320079;-0.088076411244968;0
8.4;0.328311303246905;-0.0917262456950471;0
8.45;0.323639414829682;-0.0951126337054859;0
8.5;0.31880465635746;-0.0982416048021422;0
8.55;0.313819732188161;-0.101119949755172;0
8.6;0.308696990418967;-0.103755111744112;0
8.65;0.303448392887992;-0.106155082096843;0
8.7;0.29808549025833;-0.10832830137922;0
8.75;0.292619401901587;-0.110283566420937;0
8.8;0.287060800273097;-0.112029943689512;0
8.85;0.281419899454421;-0.113576689269426;0
8.9;0.275706447529321;-0.114933175567675;0
8.95;0.269929722456306;-0.116108824750319;0
9;0.264098531103183;-0.117113048816153;0
9.05;0.25822121111583;-0.117955196132534;0
9.1;0.252305635303804;-0.118644504193241;0
9.15;0.24635921823878;-0.119190058307713;0
9.2;0.240388924777298;-0.119600755893413;0
9.25;0.234401280236417;-0.119885276017022;0
9.3;0.228402381969027;-0.120052053813994;0
9.35;0.222397912104319;-0.120109259408353;0
9.4;0.21639315123787;-0.120064780954054;0
9.45;0.210392992874591;-0.119926211424497;0
9.5;0.204401958446276;-0.119700838786794;0
9.55;0.19842421274328;-0.119395639211023;0
9.6;0.192463579616982;-0.119017272981179;0
9.65;0.186523557825869;-0.118572082792933;0
9.7;0.180607336913368;-0.118066094143124;0
9.75;0.174717813019756;-0.11750501753643;0
9.8;0.168857604543717;-0.116894252255509;0
9.85;0.163029067581263;-0.11623889146169;0
9.9;0.157234311080894;-0.115543728413624;0
9.95;0.151475211663963;-0.11481326361111;0
10;0.145753428068436;-0.114051712690212;0
10.05;0.140070415182413;-0.113263014913808;0
10.1;0.134427437641193;-0.112450842118667;0
10.15;0.128825582968186;-0.111618607996064;0
10.2;0.123265774245739;-0.110769477597687;0
10.25;0.117748782307053;-0.109906376972258;0
10.3;0.112275237444727;-0.109032002850877;0
10.35;0.10684564063531;-0.108148832310532;0
10.4;0.101460374282496;-0.107259132355723;0
10.45;0.0961197124843378;-0.106364969367606;0
10.5;0.0908238308322186;-0.105468218378595;0
10.55;0.0855728157511597;-0.104570572138076;0
10.6;0.0803666733926502;-0.103673549941695;0
10.65;0.0752053380923634;-0.102778506202851;0
10.7;0.070088680406073;-0.101886638750404;0
10.75;0.0650165147377593;-0.100998996841394;0
10.8;0.0599886065743401;-0.100116488881783;0
10.85;0.0550046793417282;-0.0992398898518739;0
10.9;0.0500644208969937;-0.0983698484362591;0
10.95;0.0451674896713535;-0.0975068938609055;0
11;0.0403135204785136;-0.0966514424423314;0
11.05;0.0355021300025952;-0.095803803855845;0
11.1;0.0307329219794821;-0.0949641871314992;0
11.15;0.0260054920849562;-0.0941327063878271;0
11.2;0.0213194325424586;-0.0933093863145724;0
11.25;0.0166743364627256;-0.0924941674165612;0
11.3;0.0120698019269237;-0.0916869110315818;0
11.35;0.00750543582425315;-0.0908874041356863;0
11.4;0.0029808574543019;-0.0900953639497114;0
11.45;-0.00150429809625672;-0.0893104423610554;0
11.5;-0.00595037679374048;-0.0885322301748563;0
11.55;-0.010357702706131;-0.0877602612087108;0
11.6;-0.0147265752528708;-0.0869940162449615;0
11.65;-0.0190572666490086;-0.0862329268543689;0
11.7;-0.0233500195376011;-0.0854763791046902;0
11.75;-0.0276050448049463;-0.0847237171673073;0
11.8;-0.0318225195738689;-0.0839742468345936;0
11.85;-0.0360025853709017;-0.0832272389601865;0
11.9;-0.0401453464637984;-0.0824819328337419;0
11.95;-0.044250868366378;-0.0817375395010934;0
12;-0.0483191765082293;-0.0809932450400263;0
12.05;-0.0523502550672938;-0.0802482138011083;0
12.1;-0.0563440459638;-0.0795015916221933;0
12.15;-0.0603004480144277;-0.0787525090243385;0
12.2;-0.0642193162459494;-0.0780000843959492;0
12.25;-0.0681004613679077;-0.0772434271709914;0
12.3;-0.0719436494041582;-0.0764816410060972;0
12.35;-0.0757486014833197;-0.0757138269603302;0
12.4;-0.0795149937883393;-0.0749390866802808;0
12.45;-0.0832424576654756;-0.0741565255920368;0
12.5;-0.0869305798930675;-0.0733652561004189;0
12.55;-0.0905789031104282;-0.0725644007946981;0
12.6;-0.0941869264071493;-0.0717530956588103;0
12.65;-0.097754106072966;-0.0709304932828983;0
12.7;-0.101279856508141;-0.0700957660717985;0
12.75;-0.104763551294087;-0.0692481094449071;0
12.8;-0.108204524423625;-0.0683867450206822;0
12.85;-0.111602071689929;-0.0675109237779003;0
12.9;-0.11495545223276;-0.0666199291846739;0
12.95;-0.118263890240151;-0.0657130802851893;0
13;-0.121526576803138;-0.0647897347331285;0
13.05;-0.124742671920589;-0.0638492917598243;0
13.1;-0.127911306650547;-0.0628911950643706;0
13.15;-0.131031585403853;-0.0619149356121757;0
13.2;-0.134102588375118;-0.0609200543278368;0
13.25;-0.137123374105405;-0.0599061446677103;0
13.3;-0.140092982170214;-0.0588728550572007;0
13.35;-0.143010435985659;-0.0578198911775708;0
13.4;-0.145874745724896;-0.056747018087017;0
13.45;-0.148684911336167;-0.0556540621608532;0
13.5;-0.151439925653023;-0.0545409128359137;0
13.55;-0.154138777586584;-0.0534075241447283;0
13.6;-0.15678045538897;-0.0522539160256356;0
13.65;-0.159363949976383;-0.0510801753957935;0
13.7;-0.161888258299655;-0.0498864569750107;0
13.75;-0.16435238674956;-0.0486729838494556;0
13.8;-0.166755354583602;-0.0474400477656012;0
13.85;-0.169096197360603;-0.0461880091462111;0
13.9;-0.171373970369017;-0.0449172968217754;0
13.95;-0.173587752034603;-0.0436284074725221;0
14;-0.175736647292923;-0.0423219047779748;0
14.05;-0.17781979091198;-0.0409984182729604;0
14.1;-0.179836350750356;-0.0396586419109787;0
14.15;-0.181785530936275;-0.0383033323379121;0
14.2;-0.183666574953221;-0.0369333068811534;0
14.25;-0.18547876861806;-0.0355494412613243;0
14.3;-0.187221442938014;-0.0341526670358557;0
14.35;-0.188893976833353;-0.0327439687857376;0
14.4;-0.190495799713294;-0.0313243810587305;0
14.45;-0.192026393893289;-0.0298949850842188;0
14.5;-0.193485296842712;-0.028456905276661;0
14.55;-0.194872103252827;-0.0270113055462354;0
14.6;-0.196186466915891;-0.0255593854367621;0
14.65;-0.197428102407283;-0.0241023761122956;0
14.7;-0.19859678656366;-0.022641536214906;0
14.75;-0.199692359751268;-0.0211781476170825;0
14.8;-0.200714726919744;-0.0197135110929057;0
14.85;-0.201663858437966;-0.0182489419326145;0
14.9;-0.202539790709732;-0.0167857655254602;0
14.95;-0.203342626568308;-0.0153253129357712;0
15;-0.204072535450134;-0.0138689164969628;0
15.05;-0.204729753349166;-0.0124179054478178;0
15.1;-0.205314582554602;-0.0109736016347366;0
15.15;-0.205827391175831;-0.0095373153028374;0
15.2;-0.206268612459611;-0.0081103409977675;0
15.25;-0.20663874390554;-0.00669395359890158;0
15.3;-0.206938346186859;-0.00528940450325785;0
15.35;-0.207168041884597;-0.00389791797797797;0
15.4;-0.207328514043877;-0.00252068769761501;0
15.45;-0.207420504562008;-0.00115887348077326;0
15.5;-0.207444812418651;0.00018640176113364;0
15.55;-0.207402291758948;0.00151405485207209;0
15.6;-0.207293849840994;0.00282304494745672;0
15.65;-0.207120444859458;0.00411237589090804;0
15.7;-0.206883083657444;0.00538109832638101;0
15.75;-0.20658281933893;0.00662831156219066;0
15.8;-0.206220748794233;0.00785316518526105;0
15.85;-0.205798010150991;0.00905486042566233;0
15.9;-0.205315780163127;0.0102326512731637;0
15.95;-0.204775271550095;0.011385845349103;0
16;-0.204177730298549;0.0125138045383469;0
16.05;-0.203524432938269;0.0136159453874785;0
16.1;-0.202816683803867;0.0146917392765921;0
16.15;-0.20205581229337;0.0157407123732003;0
16.2;-0.201243170134351;0.0167624453777471;0
16.25;-0.200380128667772;0.0177565730710899;0
16.3;-0.199468076159158;0.0187227836750447;0
16.35;-0.19850841514618;0.019660818037695;0
16.4;-0.197502559831072;0.0205704686556445;0
16.45;-0.196451933525761;0.0214515785457456;0
16.5;-0.195357966156895;0.0223040399790808;0
16.55;-0.194222091837338;0.0231277930900911;0
16.6;-0.193045746510057;0.0239228243737735;0
16.65;-0.191830365669677;0.0246891650837846;0
16.7;-0.190577382166338;0.0254268895441254;0
16.75;-0.189288224095863;0.0261361133868255;0
16.8;-0.187964312779637;0.0268169917277242;0
16.85;-0.186607060837;0.0274697172920539;0
16.9;-0.185217870352376;0.0280945185010836;0
16.95;-0.183798131138815;0.0286916575305867;0
17;-0.182349219099105;0.0292614283513573;0
17.05;-0.180872494685098;0.029804154761434;0
17.1;-0.17936930145545;0.0303201884190927;0
17.15;-0.177840964731511;0.0308099068850605;0
17.2;-0.176288790350705;0.0312737116817756;0
17.25;-0.174714063516381;0.031712026376893;0
17.3;-0.173118047742744;0.0321252946976034;0
17.35;-0.171501983893165;0.0325139786817101;0
17.4;-0.169867089309923;0.0328785568707965;0
17.45;-0.168214557033131;0.0332195225502147;0
17.5;-0.166545555106408;0.033537382040045;0
17.55;-0.164861225966656;0.0338326530406122;0
17.6;-0.163162685915135;0.0341058630356087;0
17.65;-0.161451024666894;0.0343575477553558;0
17.7;-0.159727304975487;0.0345882497022529;0
17.75;-0.157992562329844;0.0347985167399987;0
17.8;-0.156247804720051;0.0349889007477424;0
17.85;-0.154494012468794;0.0351599563399191;0
17.9;-0.152732138125165;0.0353122396521515;0
17.95;-0.150963106417516;0.0354463071932587;0
18;-0.149187814262074;0.0355627147630968;0
18.05;-0.147407130824034;0.0356620164356738;0
18.1;-0.145621897627874;0.0357447636067215;0
18.15;-0.143832928713718;0.0358115041046785;0
18.2;-0.142041010836585;0.0358627813638318;0
18.25;-0.14024690370546;0.0358991336581896;0
18.3;-0.138451340259191;0.0359210933944947;0
18.35;-0.136655026976295;0.0359291864626624;0
18.4;-0.134858644215845;0.0359239316418083;0
18.45;-0.133062846586713;0.0359058400599422;0
18.5;-0.131268263342525;0.0358754147053282;0
18.55;-0.129475498799806;0.0358331499874571;0
18.6;-0.127685132776879;0.0357795313455301;0
18.65;-0.125897721051202;0.0357150349023333;0
18.7;-0.124113795832921;0.0356401271613637;0
18.75;-0.122333866252529;0.0355552647450658;0
18.8;-0.120558418860641;0.0354608941720526;0
18.85;-0.118787918137967;0.0353574516711956;0
18.9;-0.117022807013715;0.035245363030503;0
18.95;-0.115263507390716;0.0351250434787362;0
19;-0.113510420675702;0.0349968975977572;0
19.05;-0.111763928313229;0.0348613192636488;0
19.1;-0.110024392321882;0.0347186916146988;0
19.15;-0.108292155831432;0.0345693870443979;0
19.2;-0.106567543619767;0.0344137672176601;0
19.25;-0.104850862648466;0.0342521831085366;0
19.3;-0.103142402595987;0.0340849750577589;0
19.35;-0.101442436387513;0.033912472848512;0
19.4;-0.0997512207205895;0.0337349957989082;0
19.45;-0.0980689965857516;0.0335528528696954;0
19.5;-0.0963959897814134;0.0333663427858059;0
19.55;-0.0947324114223649;0.0331757541704154;0
19.6;-0.0930784584412776;0.0329813656902512;0
19.65;-0.0914343140826907;0.0327834462109548;0
19.7;-0.0898001483890009;0.0325822549613669;0
19.75;-0.0881761186780386;0.0323780417056694;0
19.8;-0.0865623700118613;0.0321710469223772;0
19.85;-0.0849590356564466;0.0319615019892397;0
19.9;-0.0833662375320102;0.0317496293731627;0
19.95;-0.0817840866537221;0.0315356428243244;0
20;-0.080212683562626;0.031319747573712;0
