0;0.366436616319199;0.184599402165009;0
0.05;0.375376828191263;0.172917504721639;0
0.1;0.38372307344267;0.160846929175039;0
0.15;0.39145700466321;0.148432069483474;0
0.2;0.398562615127742;0.135722053460295;0
0.25;0.405026457448767;0.122770004138747;0
0.3;0.41083782314992;0.109632218798764;0
0.35;0.415988879621553;0.0963672892152058;0
0.4;0.420474762146419;0.0830351884533666;0
0.45;0.424293619969329;0.0696963501202696;0
0.5;0.427446616669951;0.0564107653846717;0
0.55;0.429937886325739;0.0432371213881332;0
0.6;0.431774448070872;0.0302320020350685;0
0.65;0.432966082624876;0.0174491687736228;0
0.7;0.433525175149918;0.00493893509556812;0
0.75;0.433466529379284;-0.00725235566253873;0
0.8;0.43280715833426;-0.0190827438058222;0
0.85;0.431566057116617;-0.0305149566277028;0
0.9;0.429763963243095;-0.0415166038094071;0
0.95;0.427423109798457;-0.0520602701900817;0
1;0.424566976351707;-0.0621235137699408;0
1.05;0.421220042136363;-0.0716887787337492;0
1.1;0.417407545471181;-0.080743234587968;0
1.15;0.413155252822699;-0.0892785532266687;0
1.2;0.408489240313299;-0.0972906359388167;0
1.25;0.403435689882367;-0.104779302119602;0
1.3;0.39802070173394;-0.111747950836958;0
1.35;0.39227012416781;-0.118203205519121;0
1.4;0.386209401403945;-0.124154550954302;0
1.45;0.379863439579831;-0.129613970606168;0
1.5;0.373256490730891;-0.134595591015195;0
1.55;0.366412054256282;-0.139115338831232;0
1.6;0.359352795124712;-0.14319061484972;0
1.65;0.35210047788382;-0.146839988334605;0
1.7;0.344675915397607;-0.150082913926497;0
1.75;0.337098931143543;-0.152939472567179;0
1.8;0.329388333848615;-0.155430137126208;0
1.85;0.321561903225303;-0.157575562791027;0
1.9;0.313636385578573;-0.159396401773333;0
1.95;0.305627498087804;-0.160913141482938;0
2;0.297549940617965;-0.162145965015657;0
2.05;0.289417413977836;-0.163114632582266;0
2.1;0.281242643615652;-0.163838382359687;0
2.15;0.273037407820811;-0.164335849161575;0
2.2;0.264812569581442;-0.164624999292733;0
2.25;0.256578111329357;-0.164723079960054;0
2.3;0.248343171884347;-0.164646581653232;0
2.35;0.240116084987662;-0.164411211973293;0
2.4;0.231904418888533;-0.164031879469486;0
2.45;0.223715016517314;-0.163522686139364;0
2.5;0.215554035843527;-0.162896927348532;0
2.55;0.207426990076689;-0.16216709803146;0
2.6;0.199338787422078;-0.161344904140165;0
2.65;0.191293770152658;-0.160441278411003;0
2.7;0.183295752802387;-0.15946639961955;0
2.75;0.175348059325224;-0.158429714588377;0
2.8;0.167453559098656;-0.157339962301569;0
2.85;0.159614701680831;-0.156205199562571;0
2.9;0.151833550256546;-0.15503282770813;0
2.95;0.144111813730019;-0.153829619960733;0
3;0.1364508774416;-0.152601749065034;0
3.05;0.128851832501858;-0.151354814910622;0
3.1;0.121315503750112;-0.150093871894444;0
3.15;0.113842476355599;-0.14882345582145;0
3.2;0.106433121088565;-0.147547610182249;0
3.25;0.0990876182956991;-0.146269911681861;0
3.3;0.0918059806198467;-0.144993494924696;0
3.35;0.0845880745079872;-0.143721076187887;0
3.4;0.0774336405542582;-0.142454976238597;0
3.45;0.0703423127265067;-0.141197142171162;0
3.5;0.0633136365256119;-0.139949168257347;0
3.55;0.0563470861267754;-0.138712315817835;0
3.6;0.0494420805512507;-0.137487532135695;0
3.65;0.04259799891567;-0.136275468443183;0
3.7;0.0358147893508924;-0.134999972653948;0.00654957106432457
3.75;0.0291083192515876;-0.133142172364855;0.0204848286479939
3.8;0.0225115986466593;-0.130609598901006;0.0344200862316632
3.85;0.0160582258325511;-0.127407826344029;0.0483553438153325
3.9;0.00978152752441392;-0.123542155410319;0.0622906013990018
3.95;0.00371457068561465;-0.119017687609756;0.0762258589826711
4;-0.00210982939214216;-0.113839400512914;0.0901611165663404
4.05;-0.00765910473086395;-0.108012220816824;0.10409637415001
4.1;-0.0129009338389121;-0.101541091960886;0.118031631733679
4.15;-0.0178032440638308;-0.0944310332058353;0.131966889317348
4.2;-0.0223342166268341;-0.0866871873567497;0.145902146901018
4.25;-0.0264622937084872;-0.078314854691624;0.159837404484687
4.3;-0.0301561868451002;-0.069319511153858;0.173772662068356
4.35;-0.0333848858131214;-0.059706809481975;0.187707919652026
4.4;-0.0361176671302776;-0.0494825626827379;0.201643177235695
4.45;-0.0383241012932149;-0.0386527101024364;0.215578434819364
4.5;-0.0399740579076462;-0.0272232673118215;0.229513692403034
4.55;-0.0410377079539956;-0.0152002620884712;0.243448949986703
4.6;-0.0414855225745303;-0.00258965995172737;0.257384207570372
4.65;-0.0412882679720186;0.0106027160239;0.271319465154041
4.7;-0.0404169962799856;0.0243712650226498;0.285254722737711
4.75;-0.0388430326055227;0.0387106803678664;0.29918998032138
4.8;-0.0365379588623607;0.0536160043389528;0.313125237905049
4.85;-0.0334735955098075;0.0690826551168176;0.327060495488719
4.9;-0.0296219828978711;0.0851064132528414;0.340995753072388
4.95;-0.0249553645966195;0.101683353131276;0.354931010656057
5;-0.0194461758651596;0.118809702835069;0.368866268239727
5.05;-0.013067041299298;0.136481613632254;0.382801525823396
5.1;-0.00579078669325659;0.154694817992409;0.396736783407065
5.15;0.00240952873550129;0.173444152665694;0.410672040990734
5.2;0.0115605523767127;0.192722920997842;0.424607298574404
5.25;0.021688541784261;0.212522066461764;0.438542556158073
5.3;0.0328192215828708;0.23282912759364;0.452477813741742
5.35;0.0449775820271111;0.253626943477035;0.466413071325412
5.4;0.058187605971;0.274892079119735;0.480348328909081
5.45;0.072471909517142;0.296592942197629;0.49428358649275
5.5;0.0878512802978524;0.318687567602956;0.50821884407642
5.55;0.104344096366554;0.341121055185073;0.522154101660089
5.6;0.121965608279421;0.363822660422678;0.536089359243758
5.65;0.140727067434898;0.386702559156476;0.550024616827428
5.7;0.160634685508287;0.40964833771323;0.563959874411097
5.75;0.18168841335422;0.432521300481295;0.577895131994766
5.8;0.203880229673724;0.455090943112379;0.583497105543401
5.85;0.227168846689681;0.476173663501813;0.569561847959732
5.9;0.251461498616498;0.495209942475894;0.555626590376063
5.95;0.2766498968534;0.5119560707284;0.541691332792393
6;0.302612914966921;0.526142875840715;0.527756075208724
6.05;0.329215436671662;0.537480967524517;0.513820817625055
6.1;0.356307526258305;0.545668428921736;0.499885560041385
6.15;0.383724047544994;0.550401077277607;0.485950302457716
6.2;0.411284858885943;0.551385217928214;0.472015044874047
6.25;0.438795701727435;0.548352556428987;0.458079787290377
6.3;0.466049876037602;0.541076631957282;0.444144529706708
6.35;0.492830756262229;0.529389822994441;0.430209272123039
6.4;0.51890272439415;0.512174960698776;0.41627401453937
6.45;0.543913811902386;0.486880734544884;0.4023387569557
6.5;0.567464594419878;0.4538464863253;0.388403499372031
6.55;0.589184667216833;0.413771866987242;0.374468241788362
6.6;0.608743567828857;0.367551024629618;0.360532984204692
6.65;0.625859746202861;0.316240152247282;0.346597726621023
6.7;0.640307608680297;0.261013436384829;0.332662469037354
6.75;0.651922152024441;0.203111467743285;0.318727211453684
6.8;0.660600931580262;0.143787042804646;0.304791953870015
6.85;0.66630335919708;0.0842533539333173;0.290856696286346
6.9;0.669047562098121;0.0256388784799637;0.276921438702676
6.95;0.668905220254827;-0.0310479597858568;0.262986181119007
7;0.665994916638831;-0.0849427776153353;0.249050923535338
7.05;0.660474576671568;-0.135337743641913;0.235115665951669
7.1;0.652533548271486;-0.181683679171159;0.221180408367999
7.15;0.642384798989137;-0.223583611603925;0.20724515078433
7.2;0.630257602280479;-0.260780029823325;0.193309893200661
7.25;0.616390970449521;-0.293138121204444;0.179374635616991
7.3;0.601027982630239;-0.320627042782826;0.165439378033322
7.35;0.584411062543527;-0.343300902188154;0.151504120449653
7.4;0.566778187712203;-0.361280691299527;0.137568862865983
7.45;0.548359960292142;-0.374737996375011;0.123633605282314
7.5;0.529377437846576;-0.383880944924601;0.109698347698645
7.55;0.510040606903268;-0.388942561087968;0.0957630901149755
7.6;0.490544650594795;-0.390511734128608;0.0818278325313062
7.65;0.471004517418062;-0.390991711883244;0.0678925749476369
7.7;0.451454522103492;-0.390929968156188;0.0539573173639676
7.75;0.431918135560291;-0.390469364322369;0.0400220597802983
7.8;0.412411984637882;-0.389740881741492;0.026086802196629
7.85;0.392946429837869;-0.388864287235171;0.0121515446129596
7.9;0.373526119827888;-0.387943239556932;0
7.95;0.354158677534202;-0.386655247550879;0
8;0.3348692555747;-0.384837952556339;0
8.05;0.315681924143065;-0.382585598926028;0
8.1;0.296616297130429;-0.379982273734957;0
8.15;0.277688024887671;-0.377102515029379;0
8.2;0.258909256302631;-0.374011927740567;0
8.25;0.240289070251681;-0.370767790384565;0
8.3;0.221833877208389;-0.367419640339996;0
8.35;0.203547792305088;-0.364009829257907;0
8.4;0.185432981487661;-0.360574043161387;0
8.45;0.167489982614202;-0.357141784174021;0
8.5;0.149718003452543;-0.353736812694772;0
8.55;0.132115198552389;-0.350377550314778;0
8.6;0.114678926922864;-0.347077444934772;0
8.65;0.097405992349507;-0.343845300461178;0
8.7;0.0802928680469005;-0.34068557419135;0
8.75;0.0633359071723585;-0.337598645588853;0
8.8;0.0465315405286107;-0.334581060631865;0
8.85;0.0298764625640409;-0.331625756315943;0
8.9;0.0133678065414809;-0.328722270221799;0
8.95;-0.00299669050590918;-0.325856940326792;0
9;-0.0192185326774998;-0.323013100445686;0
9.05;-0.035298319885671;-0.320171276825395;0
9.1;-0.0512356125108698;-0.317309391477602;0
9.15;-0.0670288065068929;-0.314402977794866;0
9.2;-0.0826750197059454;-0.311425413838699;0
9.25;-0.0981699903356047;-0.30834817838769;0
9.3;-0.113507989003276;-0.305141134364782;0
9.35;-0.128681745619019;-0.301772843600729;0
9.4;-0.143682392904536;-0.298210916014344;0
9.45;-0.158499428263527;-0.294422395184622;0
9.5;-0.173120695854926;-0.290374180949408;0
9.55;-0.187532390704029;-0.286033488097015;0
9.6;-0.201719086596377;-0.281368338443442;0
9.65;-0.215663789316133;-0.276348081649151;0
9.7;-0.229348016507631;-0.270943938085992;0
9.75;-0.24275190505267;-0.265129554996997;0
9.8;-0.255854346367978;-0.258881565198357;0
9.85;-0.268633149443643;-0.252180135767864;0
9.9;-0.281065230776733;-0.245009492671288;0
9.95;-0.293126829623487;-0.237358406222888;0
10;-0.304793746223262;-0.229220621776619;0
10.05;-0.316041599868219;-0.22059522020007;0
10.1;-0.32684610293921;-0.211486893564411;0
10.15;-0.337183346337699;-0.201906123121976;0
10.2;-0.347030091153522;-0.191869249023312;0
10.25;-0.356364060954517;-0.181398424280847;0
10.3;-0.365164228797529;-0.170521449098719;0
10.35;-0.373411092964942;-0.159271485693079;0
10.4;-0.381086935541461;-0.147686657922235;0
10.45;-0.388176058266226;-0.135809544206006;0
10.5;-0.394664990618052;-0.123686576106515;0
10.55;-0.400542665797612;-0.111367358347756;0
10.6;-0.405800561130416;-0.0989039287773195;0
10.65;-0.410432800390715;-0.0863499786735578;0
10.7;-0.41443621659506;-0.0737600547840248;0
10.75;-0.417810374888341;-0.0611887645162199;0
10.8;-0.420557556197882;-0.0486900048217777;0
10.85;-0.42268270331889;-0.0363162336088179;0
10.9;-0.424193331978964;-0.0241178001196327;0
10.95;-0.425099410180205;-0.0121423477910346;0
11;-0.425413209713121;-0.000434299859686259;0
11.05;-0.425149134165008;0.0109655654250345;0
11.1;-0.424323528004197;0.0220204464828032;0
11.15;-0.422954471416178;0.0326977566526781;0
11.2;-0.42106156551129;0.0429692715367304;0
11.25;-0.418665712334691;0.0528111903980957;0
11.3;-0.415788893810292;0.0622041185387334;0
11.35;-0.412453953365305;0.0711329790503139;0
11.4;-0.40868438353604;0.0795868633099523;0
11.45;-0.404504122372179;0.0875588301117038;0
11.5;-0.399937360957916;0.0950456634339017;0
11.55;-0.395008363873025;0.102047598602676;0
11.6;-0.389741303940842;0.108568026090631;0
11.65;-0.38416011216584;0.114613181455122;0
11.7;-0.378288343359687;0.120191829038326;0
11.75;-0.372149057597637;0.125314946081012;0
11.8;-0.365764717339458;0.129995412895269;0
11.85;-0.359157099791982;0.134247713741441;0
11.9;-0.35234722388221;0.138087652094971;0
11.95;-0.345355291048267;0.141532083094896;0
12;-0.338200638936524;0.144598665154447;0
12.05;-0.330901707012488;0.147305631995953;0
12.1;-0.323476013045875;0.149671585751188;0
12.15;-0.31594013941168;0.151715311244463;0
12.2;-0.308309728154306;0.153455611145162;0
12.25;-0.300599483786431;0.154911161332954;0
12.3;-0.29282318283398;0.156100385554578;0
12.35;-0.284993689189807;0.157041348256984;0
12.4;-0.277122974397938;0.157751664348752;0
12.45;-0.269222142054911;0.158248424560672;0
12.5;-0.261301455582261;0.158548135038795;0
12.55;-0.253370368692731;0.158666669800863;0
12.6;-0.24543755794074;0.158619234712681;0
12.65;-0.237510956813663;0.158420341688148;0
12.7;-0.229597790883804;0.15808379187979;0
12.75;-0.221704613600792;0.157622666700983;0
12.8;-0.213837342360017;0.157049325602525;0
12.85;-0.20600129453452;0.156375409611692;0
12.9;-0.198201223205145;0.155611849728657;0
12.95;-0.190441352366883;0.154768879361099;0
13;-0.182725411428186;0.153856050061462;0
13.05;-0.175056668854803;0.152882249911429;0
13.1;-0.167437964840545;0.15185572397391;0
13.15;-0.159871742914577;0.150784096303719;0
13.2;-0.152360080418633;0.149674393073813;0
13.25;-0.144904717808155;0.148533066434308;0
13.3;-0.137507086749119;0.14736601877659;0
13.35;-0.130168336997421;0.146178627124715;0
13.4;-0.122889362060435;0.14497576742126;0
13.45;-0.115670823651007;0.143761838515001;0
13.5;-0.108513174952823;0.142540785693645;0
13.55;-0.101416682723148;0.14131612363657;0
13.6;-0.0943814482644778;0.140090958690505;0
13.65;-0.0874074273008527;0.138868010395629;0
13.7;-0.0804944487976649;0.137649632210991;0
13.75;-0.0736422327658886;0.13643783140672;0
13.8;-0.0668504070928576;0.135234288106617;0
13.85;-0.0601185234421938;0.134040373478486;0
13.9;-0.0534460722653117;0.132857167081392;0
13.95;-0.0468324969662176;0.131685473389012;0
14;-0.0402772072601371;0.130525837516707;0
14.05;-0.0337795917649508;0.129378560186944;0
14.1;-0.0273390298625319;0.128243711973513;0
14.15;-0.0209549028649365;0.127121146869677;0
14.2;-0.0146266045180459;0.12601051522914;0
14.25;-0.00835355087273726;0.124911276131599;0
14.3;-0.00213518955101724;0.12382270922675;0
14.35;0.00402899156817997;0.122743926112088;0
14.4;0.0101394562216176;0.121673881300587;0
14.45;0.0161966121737048;0.120611382834639;0
14.5;0.0222008041514822;0.119555102602288;0
14.55;0.0281523072891419;0.118503586411019;0
14.6;0.0340513210713133;0.117455263873077;0
14.65;0.0398979637670019;0.116408458154537;0
14.7;0.0456922673486284;0.115361395638178;0
14.75;0.0514341728930498;0.114312215547537;0
14.8;0.0571235264637447;0.113258979576462;0
14.85;0.062760075475468;0.11219968156493;0
14.9;0.0683434655446234;0.111132257257924;0
14.95;0.0738732378303372;0.110054594179762;0
15;0.0793488268727092;0.108964541651387;0
15.05;0.0847695589359703;0.107859920972867;0
15.1;0.0901346508652428;0.106738535787641;0
15.15;0.0954432094662783;0.105598182638956;0
15.2;0.100694231417908;0.104436661722448;0
15.25;0.105886603726972;0.103251787832064;0
15.3;0.111019104735178;0.10204140148937;0
15.35;0.116090405686658;0.100803380239019;0
15.4;0.121099072863944;0.099535650085614;0
15.45;0.126043570298659;0.0982361970396445;0
15.5;0.130922263061413;0.096903078732562;0
15.55;0.135733421133208;0.0955344360535865;0
15.6;0.140475223858104;0.094128504753515;0
15.65;0.145145764973977;0.0926836269538493;0
15.7;0.149743058214975;0.0911982624930051;0
15.75;0.154265043475688;0.0896710000354069;0
15.8;0.158709593523208;0.0881005678639956;0
15.85;0.163074521239182;0.0864858442722359;0
15.9;0.167357587369671;0.0848258674682213;0
15.95;0.17155650875617;0.0831198449010611;0
16;0.175668967016634;0.0813671619185063;0
16.05;0.17969261764083;0.0795673896648261;0
16.1;0.183625099459734;0.0777202921293622;0
16.15;0.187464044444376;0.0758258322590242;0
16.2;0.191207087785217;0.0738841770522866;0
16.25;0.194851878199215;0.0718957015580055;0
16.3;0.198396088408039;0.0698609917095873;0
16.35;0.201837425727658;0.067780845933647;0
16.4;0.205173642706698;0.0656562754822319;0
16.45;0.208402547748713;0.0634885034488198;0
16.5;0.21152201565182;0.0612789624405255;0
16.55;0.214529997998085;0.0590292908920623;0
16.6;0.217424533324676;0.0567413280208392;0
16.65;0.220203757009124;0.0544171074369008;0
16.7;0.222865910802073;0.0520588494360121;0
16.75;0.2254093519427;0.0496689520188011;0
16.8;0.227832561794454;0.0472499806932558;0
16.85;0.230134153942029;0.0448046571317684;0
16.9;0.232312881694328;0.0423358467670855;0
16.95;0.234367644942743;0.0398465454237193;0
17;0.236297496329142;0.0373398650923851;0
17.05;0.238101646683626;0.0348190189646525;0
17.1;0.239779469698143;0.0322873058530683;0
17.15;0.2413305058085;0.0297480941283816;0
17.2;0.242754465264013;0.0272048053100862;0
17.25;0.244051230370924;0.0246608974492058;0
17.3;0.24522085690267;0.02211984844308;0
17.35;0.246263574677086;0.0195851394208491;0
17.4;0.24717978730748;0.0170602383354535;0
17.45;0.247970071141194;0.0145485838933238;0
17.5;0.248635173405691;0.012053569946673;0
17.55;0.249176009588244;0.00957853046553931;0
17.6;0.249593660080967;0.00712672519765677;0
17.65;0.249889366128051;0.00470132611402052;0
17.7;0.250064525116713;0.00230540472688363;0
17.75;0.250120685257388;-5.80796449254114e-05;0
17.8;0.250059539702158;-0.00238629060081627;0
17.85;0.249882920153186;-0.00467652432345668;0
17.9;0.249592790015158;-0.0069262181467675;0
17.95;0.249191237147224;-0.00913295800222622;0
18;0.248680466270893;-0.0112944847310624;0
18.05;0.248062791090656;-0.0134086992616957;0
18.1;0.247340626183851;-0.0154736666629023;0
18.15;0.246516478715505;-0.0174876190935705;0
18.2;0.245592940032615;-0.019448957679419;0
18.25;0.244572677190558;-0.0213562533556131;0
18.3;0.243458424462232;-0.0232082467217766;0
18.35;0.242252974877991;-0.0250038469624095;0
18.4;0.240959171841673;-0.026742129891183;0
18.45;0.239579900864977;-0.0284223351819807;0
18.5;0.238118081459199;-0.0300438628529277;0
18.55;0.236576659219997;-0.0316062690720151;0
18.6;0.234958598137328;-0.0331092613543514;0
18.65;0.233266873159253;-0.0345526932216065;0
18.7;0.231504463034715;-0.0359365583939312;0
18.75;0.229674343456946;-0.0372609845836107;0
18.8;0.227779480525719;-0.0385262269580236;0
18.85;0.225822824543342;-0.0397326613372158;0
18.9;0.223807304156087;-0.0408807771886368;0
18.95;0.221735820849701;-0.0419711704784135;0
19;0.219611243804766;-0.0430045364350342;0
19.05;0.217436405114966;-0.0439816622775474;0
19.1;0.215214095368825;-0.0449034199564399;0
19.15;0.212947059593153;-0.0457707589512897;0
19.2;0.210637993554358;-0.0465846991651685;0
19.25;0.208289540411874;-0.0473463239516481;0
19.3;0.205904287716249;-0.0480567733061846;0
19.35;0.203484764742991;-0.0487172372496711;0
19.4;0.201033440151926;-0.0493289494280854;0
19.45;0.198552719960761;-0.0498931809484574;0
19.5;0.196044945820595;-0.0504112344678526;0
19.55;0.193512393580383;-0.0508844385487448;0
19.6;0.190957272126771;-0.0513141422910435;0
19.65;0.188381722485257;-0.0517017102481484;0
19.7;0.185787817168373;-0.0520485176317523;0
19.75;0.18317755975636;-0.0523559458076864;0
19.8;0.180552884695786;-0.0526253780829051;0
19.85;0.177915657301587;-0.0528581957817431;0
19.9;0.175267673948152;-0.0530557746078304;0
19.95;0.17261066243528;-0.0532194812865111;0
20;0.169946282515161;-0.0533506704812911;0
