0;0.511819919958475;0.0412963634993497;0
0.05;0.513305457223425;0.0181467990100595;0
0.1;0.513646174625492;-0.00444632851952577;0
0.15;0.512877013101476;-0.0262021302951852;0
0.2;0.511046264560996;-0.0468680604646123;0
0.25;0.508214082752273;-0.0662226023638052;0
0.3;0.504450888971394;-0.0840767996872955;0
0.35;0.49983572773833;-0.100275118786104;0
0.4;0.494447589830185;-0.115107042914162;0
0.45;0.488343823721883;-0.128897197014416;0
0.5;0.481576571316047;-0.141645233874731;0
0.55;0.474197734304266;-0.153360920641589;0
0.6;0.466258499999393;-0.164062869669815;0
0.65;0.457808930969901;-0.173777262221196;0
0.7;0.448897617905361;-0.182536600897757;0
0.75;0.43957139354418;-0.190378518879658;0
0.8;0.429875104276897;-0.197344666699788;0
0.85;0.41985143516983;-0.20347969069034;0
0.9;0.409540783593357;-0.208830311530168;0
0.95;0.398981176340375;-0.213444506563152;0
1;0.38820822503614;-0.217370795735018;0
1.05;0.377255114725353;-0.220657628048672;0
1.1;0.366152620734353;-0.223352863275304;0
1.15;0.354929149209046;-0.225503342173716;0
1.2;0.343610797091647;-0.227154537552359;0
1.25;0.332221427695699;-0.228350278049562;0
1.3;0.320782758448864;-0.229132536407725;0
1.35;0.309314457780893;-0.229541274188828;0
1.4;0.297834248528291;-0.229614335245659;0
1.45;0.286358015599487;-0.229387380763017;0
1.5;0.274899915989302;-0.228893859264783;0
1.55;0.263472489546285;-0.228165005606293;0
1.6;0.252086769179665;-0.227229863606326;0
1.65;0.240752389444301;-0.226115327596819;0
1.7;0.229477692663078;-0.224846198765292;0
1.75;0.218269831938314;-0.223445252724363;0
1.8;0.207134870568983;-0.221933315258441;0
1.85;0.196077877531137;-0.220329343666467;0
1.9;0.18510301879727;-0.218650511540889;0
1.95;0.174213644368829;-0.216912295197735;0
2;0.163412370976891;-0.215128560303028;0
2.05;0.152701160471391;-0.213311647529766;0
2.1;0.142081393971194;-0.211472456330621;0
2.15;0.131553941887453;-0.209620526128085;0
2.2;0.121119229962902;-0.20776411440957;0
2.25;0.110777301491269;-0.205910271373422;0
2.3;0.100527875895255;-0.204064910906379;0
2.35;0.0903704038495849;-0.202232877786638;0
2.4;0.0803041191384639;-0.200418011102295;0
2.45;0.0703280874352378;-0.198623203954961;0
2.5;0.0604412521868426;-0.196850459585042;0
2.55;0.0506424777773853;-0.195100944110495;0
2.6;0.0409305901344316;-0.193375036116421;0
2.65;0.0313044149287457;-0.191672373370077;0
2.7;0.0217628135037231;-0.189991896965952;0
2.75;0.0123047166549064;-0.188331893229282;0
2.8;0.00292915636308021;-0.186690033724633;0
2.85;-0.00636470443324245;-0.185063413729364;0
2.9;-0.0155775439583484;-0.183448589540297;0
2.95;-0.0247098555638104;-0.181841614985933;0
3;-0.0337619235065;-0.180238077516174;0
3.05;-0.0427338005281895;-0.178633134236574;0
3.1;-0.0516252872429381;-0.177021548244596;0
3.15;-0.0604359133559919;-0.175397725610882;0
3.2;-0.0691649207546087;-0.173755753328912;0
3.25;-0.0778112485267868;-0.172089438531286;0
3.3;-0.0863735199780366;-0.170392349239958;0
3.35;-0.0948500317288082;-0.168657856880718;0
3.4;-0.103238744985649;-0.166879180748988;0
3.45;-0.111537279087301;-0.165049434564333;0
3.5;-0.119742907432457;-0.163161675195077;0
3.55;-0.127852540247888;-0.16119852074878;0.00453742454876499
3.6;-0.135836689366059;-0.157748303348719;0.0528078984717968
3.65;-0.143586788161887;-0.151835168753963;0.101078372394829
3.7;-0.15098025728608;-0.143482434401933;0.14934884631786
3.75;-0.157895778467473;-0.132717304413435;0.197619320240892
3.8;-0.164213497744673;-0.119571190630936;0.245889794163924
3.85;-0.169815239007199;-0.104079795194875;0.294160268086956
3.9;-0.174584714764931;-0.0862829100425544;0.342430742009988
3.95;-0.178407719136689;-0.0662239015154319;0.390701215933019
4;-0.181172286856972;-0.0439488648414284;0.438971689856051
4.05;-0.182768801820349;-0.019505453064621;0.487242163779083
4.1;-0.183090039459926;0.00705859266410937;0.535512637702115
4.15;-0.182031129198827;0.0356971603521593;0.583783111625146
4.2;-0.17948942639766;0.0663676554811434;0.632053585548178
4.25;-0.175364287700651;0.0990329574817572;0.68032405947121
4.3;-0.1695567495083;0.133663313965762;0.728594533394242
4.35;-0.161969116547005;0.170238012957219;0.776865007317274
4.4;-0.152504476289221;0.208746640806384;0.825135481240305
4.45;-0.141066165508717;0.249189695735716;0.873405955163337
4.5;-0.127557227852422;0.291578281606077;0.921676429086369
4.55;-0.11187991642059;0.335932550879206;0.969946903009401
4.6;-0.0939353135417592;0.382278497656204;1.01821737693243
4.65;-0.07362316186348;0.430642620184866;1.06648785085546
4.7;-0.0508420271912797;0.48104387926843;1.1147583247785
4.75;-0.0254899446225678;0.533482281614957;1.16302879870153
4.8;0.00253426468313702;0.587923330888497;1.21129927262456
4.85;0.0333287794877156;0.644277542822182;1.25956974654759
4.9;0.0669854009565067;0.702374262214964;1.30784022047062
4.95;0.10358471147644;0.761929222803355;1.35611069439365
5;0.143189452046655;0.822505760802268;1.40438116831669
5.05;0.185835815780793;0.883470464701474;1.45265164223972
5.1;0.231522427132544;0.943945468913496;1.50092211616275
5.15;0.280196936756409;1.00276225895147;1.54919259008578
5.2;0.331745165291495;1.05868978933424;1.59746306400881
5.25;0.385984935628028;1.11006803407843;1.64573353793185
5.3;0.442633870852247;1.15463754910376;1.69400401185488
5.35;0.501288450965041;1.18982324785779;1.74227448577791
5.4;0.561332355482083;1.20823516296175;1.79054495970094
5.45;0.621718183700099;1.20308634543974;1.83881543362397
5.5;0.681220569898621;1.17264485285254;1.887085907547
5.55;0.738555230730701;1.11634608408208;1.93535638147004
5.6;0.792445052472769;1.03508051983435;1.98362685539307
5.65;0.841698608486989;0.931497448915277;2.0318973293161
5.7;0.885311258616678;0.810226976620322;2.08016780323913
5.75;0.922524849557263;0.676422977750766;2.12843827716216
5.8;0.952852755078909;0.535748191166387;2.1767087510852
5.85;0.976094391461133;0.39389335691075;2.22497922500823
5.9;0.992324069821387;0.256090331987171;2.27324969893126
5.95;1.00185844227406;0.126752394084987;2.32152017285429
6;1.00520993681544;0.00927578755025828;2.36979064677732
6.05;1.00303421653944;-0.0940045529925124;2.41806112070035
6.1;0.996078582135119;-0.181739971085681;2.46633159462339
6.15;0.985136155198826;-0.253419444933408;2.51460206854642
6.2;0.971008422550272;-0.309190120941721;2.56287254246945
6.25;0.954476825487135;-0.349679323486177;2.61114301639248
6.3;0.936282773918687;-0.375837925770749;2.65941349031551
6.35;0.917114750843955;-0.388814208115226;2.70768396423855
6.4;0.897600920939123;-0.389859680515473;2.75595443816158
6.45;0.878305708120437;-0.380263813320143;2.80422491208461
6.5;0.859729020447749;-0.361312523945048;2.85249538600764
6.55;0.842307075620796;-0.334264777997196;2.90076585993067
6.6;0.826414054754506;-0.300342071165323;2.9490363338537
6.65;0.812361119032554;-0.261147589402893;2.95666241124695
6.7;0.800301238104383;-0.221249342940271;2.90839037187965
6.75;0.790218316308573;-0.182184075390795;2.86011833251236
6.8;0.782054314991086;-0.14459757359009;2.81184629314506
6.85;0.775720565121268;-0.109069110178726;2.76357425377776
6.9;0.771101109485324;-0.0761105318145876;2.71530221441047
6.95;0.768056124734586;-0.0461640418079659;2.66703017504317
7;0.766425477875552;-0.0195991165524409;2.61875813567587
7.05;0.76603244833176;0.00329094797027905;2.57048609630857
7.1;0.766687620852147;0.022292325199409;2.52221405694128
7.15;0.768192927380386;0.0372732354057486;2.47394201757398
7.2;0.770345789007415;0.0481852852028724;2.42566997820668
7.25;0.772943284161817;0.0550631039993738;2.37739793883939
7.3;0.77578624836054;0.0580219166403876;2.32912589947209
7.35;0.778683196262017;0.0572528361623296;2.28085386010479
7.4;0.781453950230929;0.0530158356649397;2.23258182073749
7.45;0.783932862278602;0.0456305476242691;2.1843097813702
7.5;0.785971528300535;0.0354652221685822;2.1360377420029
7.55;0.787440914152136;0.0229243316441076;2.0877657026356
7.6;0.788232840436218;0.00843541877074285;2.03949366326831
7.65;0.788260804291902;-0.00756416245487832;1.99122162390101
7.7;0.787460148931493;-0.0246399742393523;1.94294958453371
7.75;0.785787622143209;-0.0423721197813242;1.89467754516641
7.8;0.783220390861825;-0.0603653075832586;1.84640550579912
7.85;0.779754598337712;-0.0782570394614479;1.79813346643182
7.9;0.775403562434154;-0.0957237586010983;1.74986142706452
7.95;0.770195718080405;-0.112484939292161;1.70158938769723
8;0.764172404601963;-0.128305224939689;1.65331734832993
8.05;0.757385590791731;-0.142994816998639;1.60504530896263
8.1;0.74989561872938;-0.156408381118271;1.55677326959533
8.15;0.741769033116511;-0.168442768864744;1.50850123022804
8.2;0.733076547758704;-0.179033858007904;1.46022919086074
8.25;0.723891186021524;-0.188152797475277;1.41195715149344
8.3;0.714286618526735;-0.195801911307418;1.36368511212615
8.35;0.704335709621272;-0.202010475598825;1.31541307275885
8.4;0.694109274535357;-0.206830538849173;1.26714103339155
8.45;0.683675041699425;-0.210332913513813;1.21886899402425
8.5;0.673096809289862;-0.212603427673064;1.17059695465696
8.55;0.662433781486418;-0.213739492309919;1.12232491528966
8.6;0.651740067856308;-0.213847012413058;1.07405287592236
8.65;0.64106432842078;-0.213037649014249;1.02578083655506
8.7;0.630449547011241;-0.211426423860101;0.977508797187768
8.75;0.61993291621678;-0.209129647966113;0.92923675782047
8.8;0.609545818336287;-0.206263148945105;0.880964718453173
8.85;0.599313888093574;-0.202940768871388;0.832692679085876
8.9;0.589257144312194;-0.199273103726126;0.784420639718579
8.95;0.579390179175494;-0.195366456458362;0.736148600351282
9;0.569722395046832;-0.191321977796585;0.687876560983985
9.05;0.560258280051709;-0.18723497168194;0.639604521616688
9.1;0.550997714705521;-0.183194345199604;0.59133248224939
9.15;0.541936302801348;-0.179282185888982;0.543060442882093
9.2;0.533065720556973;-0.17557345212627;0.494788403514796
9.25;0.524374078671741;-0.172135764770462;0.446516364147499
9.3;0.515846292480017;-0.16902929037386;0.398244324780202
9.35;0.507464455828992;-0.166306707948899;0.349972285412905
9.4;0.499208206027455;-0.164018859585581;0.301700246045607
9.45;0.491041849524494;-0.162913480052032;0.25342820667831
9.5;0.482889019227191;-0.163476683699965;0.205156167311013
9.55;0.474666980142651;-0.165680167884686;0.156884127943716
9.6;0.466294474694459;-0.169493325308193;0.108612088576419
9.65;0.457691809031373;-0.174884408940077;0.0603400492091217
9.7;0.448780880264626;-0.181821729533099;0.012068009841824
9.75;0.439493515696741;-0.189602701844081;0
9.8;0.429835595250582;-0.196586054007967;0
9.85;0.41984939476034;-0.202739821123438;0
9.9;0.409575243935616;-0.20811035745705;0
9.95;0.399051119405383;-0.212745307078866;0
10;0.388312598459959;-0.216692890097686;0
10.05;0.377392845974794;-0.220001288662767;0
10.1;0.366322629647266;-0.222718127637611;0
10.15;0.355130358972522;-0.224890043347553;0
10.2;0.343842143739804;-0.226562332864737;0
10.25;0.332481868221237;-0.227778675814804;0
10.3;0.321071277630057;-0.228580920570903;0
10.35;0.309630073829153;-0.229008926854537;0
10.4;0.298176017661705;-0.229100457114261;0
10.45;0.286725035645453;-0.228891109539413;0
10.5;0.275291329115375;-0.228414286136153;0
10.55;0.263887484212887;-0.227701189906912;0
10.6;0.252524581402068;-0.226780845801354;0
10.65;0.241212303444475;-0.225680140724361;0
10.7;0.229959040984953;-0.224423878478442;0
10.75;0.218771995092954;-0.223034846073517;0
10.8;0.207657276269233;-0.221533888349855;0
10.85;0.196619999568667;-0.219939988326675;0
10.9;0.185664375608659;-0.218270351108761;0
10.95;0.174793797331444;-0.21654048955722;0
11;0.164010922469888;-0.214764310260356;0
11.05;0.153317751732245;-0.212954198629359;0
11.1;0.142715702773646;-0.211121102194458;0
11.15;0.132205680062801;-0.20927461139389;0
11.2;0.12178814078299;-0.207423037334056;0
11.25;0.111463156928467;-0.205573486158033;0
11.3;0.101230473772032;-0.203731929794522;0
11.35;0.0910895648880601;-0.201903272973298;0
11.4;0.0810396839184521;-0.200091416489219;0
11.45;0.0710799132678366;-0.198299316777215;0
11.5;0.0612092099094976;-0.196529041927702;0
11.55;0.0514264484755984;-0.194781824327484;0
11.6;0.0417304617948399;-0.193058110157056;0
11.65;0.0321200790281762;-0.191357606012708;0
11.7;0.0225941615390081;-0.189679322952109;0
11.75;0.0131516366187171;-0.188021618286099;0
11.8;0.00379152917178226;-0.186382235457874;0
11.85;-0.00548700855269155;-0.184758342364227;0
11.9;-0.0146846691141794;-0.183146568482342;0
11.95;-0.0238019638681216;-0.181543041169983;0
12;-0.0328391987553459;-0.179943421506947;0
12.05;-0.041796451879686;-0.178342940041217;0
12.1;-0.0506735528779201;-0.176736432794216;0
12.15;-0.0594700641035519;-0.175118377865799;0
12.2;-0.0681852636625374;-0.173482932960707;0
12.25;-0.0768181303545658;-0.171823974133971;0
12.3;-0.0853673305876531;-0.170135136022799;0
12.35;-0.0938312073463164;-0.168409853796606;0
12.4;-0.102207771304153;-0.16664140701479;0
12.45;-0.110494694179951;-0.164822965533543;0
12.5;-0.118689304442192;-0.162947637548416;0
12.55;-0.126788585469638;-0.161008519798719;0
12.6;-0.134789176275395;-0.158998749893486;0
12.65;-0.142687374898028;-0.156911560647293;0
12.7;-0.15047914455589;-0.154740336238533;0
12.75;-0.158160122649468;-0.1524786699239;0
12.8;-0.165725632681234;-0.150120422962215;0
12.85;-0.173170699143147;-0.147659784320008;0
12.9;-0.180490065398568;-0.145091330652274;0
12.95;-0.187678214558139;-0.142410085976776;0
13;-0.194729393318342;-0.139611580391289;0
13.05;-0.201637638697383;-0.136691907122881;0
13.1;-0.208396807566204;-0.133647777148901;0
13.15;-0.215000608833462;-0.130476570593358;0
13.2;-0.221442638102925;-0.127176384081962;0
13.25;-0.227716414580732;-0.123746073236142;0
13.3;-0.233815419969308;-0.120185289502675;0
13.35;-0.2397331390454;-0.116494510551953;0
13.4;-0.245463101582662;-0.112675063535233;0
13.45;-0.250998925245617;-0.108729140569182;0
13.5;-0.2563343590526;-0.104659805913902;0
13.55;-0.261463326981398;-0.100470994426956;0
13.6;-0.266379971273732;-0.0961675010083796;0
13.65;-0.271078694983978;-0.0917549608974491;0
13.7;-0.275554203314504;-0.0872398208375337;0
13.75;-0.279801543284751;-0.0826293012866643;0
13.8;-0.28381614129417;-0.0779313500142092;0
13.85;-0.287593838160146;-0.0731545875836296;0
13.9;-0.291130921240865;-0.06830824537317;0
13.95;-0.294424153289212;-0.063402096926064;0
14;-0.297470797726545;-0.0584463835453574;0
14.05;-0.300268640073591;-0.0534517351521757;0
14.1;-0.302816005328807;-0.0484290875072979;0
14.15;-0.305111771141031;-0.0433895969520802;0
14.2;-0.3071553766819;-0.0383445538548084;0
14.25;-0.308946827183046;-0.0333052959520312;0
14.3;-0.310486694162065;-0.0282831227517992;0
14.35;-0.311776111418543;-0.0232892121183192;0
14.4;-0.312816766935727;-0.018334540087381;0
14.45;-0.31361089087371;-0.0134298048717611;0
14.5;-0.314161239885397;-0.00858535590885693;0
14.55;-0.314471078026119;-0.00381112868267524;0
14.6;-0.314544154561239;0.00088341407721267;0
14.65;-0.314384679002791;0.00548933435217298;0
14.7;-0.313997293726248;0.00999826361566596;0
14.75;-0.313387044531583;0.0144024402432268;0
14.8;-0.312559349519385;0.0186947394853767;0
14.85;-0.311519966652951;0.0228686960596652;0
14.9;-0.31027496037166;0.0269185195299646;0
14.95;-0.308830667609949;0.0308391027410497;0
15;-0.307193663560634;0.0346260236631057;0
15.05;-0.305370727501677;0.0382755410733037;0
15.1;-0.303368808982655;0.0417845845596603;0
15.15;-0.301194994641779;0.0451507393761591;0
15.2;-0.298856475897039;0.0483722267080533;0
15.25;-0.296360517726662;0.0514478799232009;0
15.3;-0.293714428725064;0.0543771173902536;0
15.35;-0.29092553259158;0.0571599124387781;0
15.4;-0.288001141180816;0.0597967610212864;0
15.45;-0.284948529216016;0.062288647614118;0
15.5;-0.281774910740713;0.064637009864587;0
15.55;-0.278487417359402;0.0668437024571801;0
15.6;-0.275093078295275;0.0689109606332057;0
15.65;-0.271598802272351;0.0708413637573921;0
15.7;-0.268011361210718;0.0726377992826265;0
15.75;-0.264337375707108;0.0743034274213261;0
15.8;-0.260583302258647;0.075841646789681;0
15.85;-0.256755422175364;0.07725606124994;0
15.9;-0.252859832116744;0.0785504481366116;0
15.95;-0.248902436179282;0.0797287280153674;0
16;-0.244888939455404;0.0807949360889436;0
16.05;-0.240824842979225;0.0817531953326273;0
16.1;-0.2367154399712;0.0826076914131731;0
16.15;-0.232565813291701;0.0833626494192537;0
16.2;-0.228380834012725;0.0840223124088086;0
16.25;-0.22416516101715;0.0845909217588449;0
16.3;-0.219923241536171;0.0850726992862578;0
16.35;-0.215659312537414;0.0854718310939177;0
16.4;-0.21137740287889;0.085792453084451;0
16.45;-0.207081336147017;0.0860386380746296;0
16.5;-0.202774734100535;0.086214384435868;0
16.55;-0.198461020645957;0.0863236061808184;0
16.6;-0.194143426274364;0.0863701244122323;0
16.65;-0.189824992893544;0.086357660047929;0
16.7;-0.185508578993857;0.0862898277346854;0
16.75;-0.181196865090562;0.0861701308639475;0
16.8;-0.176892359389647;0.0860019576033052;0
16.85;-0.172597403628508;0.0857885778594945;0
16.9;-0.168314179046935;0.0855331410911683;0
16.95;-0.164044712447903;0.0852386748926678;0
17;-0.159790882311517;0.0849080842734133;0
17.05;-0.155554424929122;0.0845441515612301;0
17.1;-0.1513369405281;0.0841495368618137;0
17.15;-0.147139899361154;0.0837267790105754;0
17.2;-0.142964647736961;0.0832782969571916;0
17.25;-0.138812413971967;0.0828063915272804;0
17.3;-0.134684314245764;0.0823132475096822;0
17.35;-0.130581358344982;0.0818009360217926;0
17.4;-0.126504455282885;0.0812714171092627;0
17.45;-0.122454418783982;0.0807265425400985;0
17.5;-0.118431972624837;0.0801680587567658;0
17.55;-0.114437755824031;0.0795976099533005;0
17.6;-0.110472327675771;0.0790167412476412;0
17.65;-0.106536172623072;0.0784269019224385;0
17.7;-0.102629704967689;0.0778294487104316;0
17.75;-0.0987532734151174;0.0772256491031476;0
17.8;-0.0949071654539712;0.0766166846641393;0
17.85;-0.0910916115699329;0.0760036543302738;0
17.9;-0.0873067892952418;0.0753875776866879;0
17.95;-0.0835528270953514;0.0747693982029775;0
18;-0.0798298080949704;0.0741499864199539;0
18.05;-0.0761377736461922;0.0735301430779371;0
18.1;-0.0724767267418258;0.0729106021790242;0
18.15;-0.0688466352773937;0.0722920339771154;0
18.2;-0.0652474351655372;0.0716750478906863;0
18.25;-0.0616790333067942;0.0710601953343883;0
18.3;-0.0581413104208853;0.0704479724665314;0
18.35;-0.054634123742769;0.0698388228503777;0
18.4;-0.0511573095878119;0.0692331400279472;0
18.45;-0.0477106857904641;0.068631270005727;0
18.5;-0.0442940540208498;0.0680335136522734;0
18.55;-0.0409072019836653;0.0674401290082341;0
18.6;-0.0375499055037422;0.0668513335097688;0
18.65;-0.0342219305025715;0.0662673061267527;0
18.7;-0.0309230348700091;0.0656881894174845;0
18.75;-0.0276529702352879;0.0651140915019099;0
18.8;-0.0244114836413549;0.0645450879556174;0
18.85;-0.0211983191264348;0.063981223627061;0
18.9;-0.0180132192165939;0.0634225143806288;0
18.95;-0.0148559263329438;0.0628689487683043;0
19;-0.0117261841169848;0.0623204896327632;0
19.05;-0.0086237386774443;0.0617770756448238;0
19.1;-0.00554833976181944;0.0612386227782071;0
19.15;-0.00249974185568395;0.0607050257245905;0
19.2;0.000522294787330347;0.0601761592519451;0
19.25;0.0035180031821155;0.0596518795091247;0
19.3;0.00648760871261923;0.0591320252796545;0
19.35;0.00943132829385894;0.0586164191876179;0
19.4;0.0123493695930941;0.0581048688584849;0
19.45;0.0152419303079743;0.0575971680376642;0
19.5;0.0181091974996155;0.0570930976694772;0
19.55;0.0209513469786926;0.0565924269391733;0
19.6;0.023768542742764;0.056094914280512;0
19.65;0.0265609364631652;0.0556003083513354;0
19.7;0.0293286670199327;0.055108348979455;0
19.75;0.0320718600833259;0.0546187680810603;0
19.8;0.0347906277406295;0.0541312905537465;0
19.85;0.0374850681670134;0.0536456351461371;0
19.9;0.0401552653393307;0.0531615153059542;0
19.95;0.0428012887918158;0.0526786400082647;0
20;0.0454231934127345;0.0521967145655012;0
