0;0.308914593566815;0.363052215832416;0
0.05;0.326782955508186;0.351492383360915;0
0.1;0.344048152548371;0.338920406315268;0.000558063686067378
0.15;0.360665587888594;0.325693838047509;0.0145096558377518
0.2;0.376613106627886;0.312121486699034;0.0284612479894363
0.25;0.391873284855491;0.298199954271131;0.0424128401411208
0.3;0.406428828770499;0.283937873595577;0.0563644322928052
0.35;0.420263174993748;0.26935581476179;0.0703160244444897
0.4;0.433361079515943;0.254485922601152;0.0842676165961742
0.45;0.445709181779321;0.239371284913785;0.0982192087478586
0.5;0.457296530663044;0.224065042727141;0.112170800899543
0.55;0.468115059994688;0.208629265311634;0.126122393051228
0.6;0.478160002613278;0.193133623148963;0.140073985202912
0.65;0.487430233896416;0.177653900817618;0.154025577354596
0.7;0.495928537934144;0.162270398225505;0.167977169506281
0.75;0.503660716654857;0.146933089012899;0.181928761657965
0.8;0.510611113783618;0.130934760456585;0.19588035380965
0.85;0.516746290618634;0.114364748169379;0.209831945961334
0.9;0.522043915427851;0.0974739305869769;0.223783538113019
0.95;0.526494198168914;0.0805122216587968;0.237735130264703
1;0.530099713956784;0.0637234830016183;0.251686722416388
1.05;0.532874981747691;0.0473408486442856;0.265638314568072
1.1;0.534845822653867;0.0315826074160148;0.279589906719757
1.15;0.536048528519904;0.0166487457741095;0.293541498871441
1.2;0.536528875422567;0.0027182094091397;0.307493091023126
1.25;0.536341018592889;-0.0100531007293014;0.32144468317481
1.3;0.535546305074282;-0.0215336200588808;0.335396275326494
1.35;0.534212038532281;-0.0316167522261577;0.349347867478179
1.4;0.532410227414071;-0.0402209159258747;0.363299459629863
1.45;0.530216343546044;-0.047289094980474;0.377251051781548
1.5;0.52770811367106;-0.0527879856130289;0.391202643933232
1.55;0.524964361733741;-0.0567068336963105;0.405154236084917
1.6;0.522063915225159;-0.0590560483122945;0.419105828236601
1.65;0.519084584822948;-0.059865667789299;0.433057420388286
1.7;0.516102223057156;-0.0591837420018252;0.44700901253997
1.75;0.513189864872966;-0.0570746814321691;0.460960604691655
1.8;0.510416950766728;-0.0536176103573921;0.474912196843339
1.85;0.507848631613212;-0.0489047493181335;0.488863788995024
1.9;0.505545153319488;-0.0430398412619595;0.502815381146708
1.95;0.503561318954187;-0.036136626720799;0.516766973298392
2;0.501946025920071;-0.0283173661861429;0.530718565450077
2.05;0.500741875971387;-0.0197114024633087;0.544670157601761
2.1;0.49998485632442;-0.0104537824560429;0.558621749753446
2.15;0.499703537159717;-0.000712747322761685;0.57257334190513
2.2;0.499918699344733;0.00939485765652974;0.586524934056815
2.25;0.500646479404919;0.0197638575189956;0.600476526208499
2.3;0.501895436851985;0.0302173232777062;0.614428118360184
2.35;0.503666184982906;0.0406118236434609;0.628379710511868
2.4;0.505952278691645;0.0508078108961186;0.642331302663553
2.45;0.508740398809098;0.0606701364681195;0.656282894815237
2.5;0.512010610844307;0.0700696099550763;0.670234486966922
2.55;0.515736702249011;0.0788845786866212;0.684186079118606
2.6;0.519886598819085;0.0870025101077933;0.69813767127029
2.65;0.524422859787698;0.0943215523459221;0.712089263421975
2.7;0.529303249764084;0.10075204159621;0.726040855573659
2.75;0.534481383946506;0.106217918806801;0.739992447725344
2.8;0.539907441030537;0.110658013106971;0.753944039877028
2.85;0.545528936013913;0.114027146060096;0.767895632028713
2.9;0.5512915427645;0.116297009678056;0.781847224180397
2.95;0.557139953890952;0.11745677266578;0.795798816332082
3;0.563018763279099;0.117513373884464;0.809750408483766
3.05;0.568873354783487;0.116491469627844;0.823702000635451
3.1;0.574650779144492;0.114433011836988;0.837653592787135
3.15;0.58030060037342;0.111396447393891;0.85160518493882
3.2;0.585775692718296;0.107455543422261;0.865556777090504
3.25;0.591032969958155;0.102697859152936;0.879508369242189
3.3;0.596034030188896;0.0972229003071847;0.893459961393873
3.35;0.600745701419886;0.0911400060018932;0.907411553545558
3.4;0.605140476103731;0.0845660298512877;0.921363145697242
3.45;0.609196826030879;0.077622885382676;0.935314737848926
3.5;0.612899392659062;0.0704350305262126;0.949266330000611
3.55;0.616239051717445;0.0631269665401282;0.963217922152295
3.6;0.619212854625961;0.0558208233983832;0.97716951430398
3.65;0.621823852714268;0.0486340968226713;0.991121106455664
3.7;0.624080813252615;0.0416775924688056;1.00507269860735
3.75;0.625997838798232;0.0350536211345833;1.01902429075903
3.8;0.627593903240101;0.0288544761726109;1.03297588291072
3.85;0.628892319163253;0.0231612114771033;1.0469274750624
3.9;0.629920151764976;0.0180427262765447;1.06087906721409
3.95;0.63070759459058;0.0135551521517901;1.07483065936577
4;0.631287321893824;0.00974152866489949;1.08878225151746
4.05;0.631693831562882;0.00663174697834875;1.10273384366914
4.1;0.631962791390454;0.00424273592841697;1.11668543582082
4.15;0.6321304001089;0.00257886209109046;1.13063702797251
4.2;0.632232773152568;0.00163251422199823;1.14458862012419
4.25;0.632305361630829;0.0013848427610531;1.15854021227588
4.3;0.632378509349642;0.00147079033976028;1.15298747859951
4.35;0.632440934480567;0.000909919136718016;1.13903588644782
4.4;0.632458453763521;-0.000318879139776333;1.12508429429614
4.45;0.632398922769161;-0.00216407876467725;1.11113270214445
4.5;0.632232963776476;-0.00456674643626819;1.09718110999277
4.55;0.631934301969969;-0.00746192285393661;1.08322951784109
4.6;0.631480031106519;-0.0107800568551743;1.0692779256894
4.65;0.630850806868921;-0.0144484581680364;1.05532633353772
4.7;0.630030967820195;-0.0183927350748859;1.04137474138603
4.75;0.629008585523429;-0.0225381848805764;1.02742314923435
4.8;0.627775446931711;-0.0268111079013494;1.01347155708266
4.85;0.626326973524623;-0.0311400195331343;0.999519964930978
4.9;0.624662082827688;-0.0354567395597901;0.985568372779294
4.95;0.622782998867861;-0.0396973429343184;0.971616780627609
5;0.620695018775695;-0.0438029615161488;0.957665188475925
5.05;0.618406243141149;-0.0477204314003939;0.94371359632424
5.1;0.615927277876178;-0.0514027852920873;0.929762004172556
5.15;0.61327091525502;-0.0548095936705513;0.915810412020872
5.2;0.610451801522207;-0.0579071621229205;0.901858819869187
5.25;0.607486098013891;-0.0606685951251901;0.887907227717503
5.3;0.604391142167604;-0.0630737386912022;0.873955635565818
5.35;0.601185114136416;-0.0651090157180393;0.860004043414134
5.4;0.597886714011105;-0.0667671685902992;0.846052451262449
5.45;0.594514853919956;-0.0680469237516434;0.832100859110765
5.5;0.591088368547003;-0.0689525926114469;0.81814926695908
5.55;0.587625746907846;-0.0694936224351564;0.804197674807396
5.6;0.584144887563465;-0.0696841098751714;0.790246082655711
5.65;0.580662878848212;-0.069542288633063;0.776294490504027
5.7;0.577195805144704;-0.0690900014900589;0.762342898352342
5.75;0.573758579758225;-0.068352165672888;0.748391306200658
5.8;0.57036480452584;-0.0673562392927192;0.734439714048973
5.85;0.567026655937569;-0.0661316954473506;0.720488121897289
5.9;0.563754797243865;-0.0647095095381068;0.706536529745605
5.95;0.560558315769449;-0.0631216644378447;0.69258493759392
6;0.557444684441887;-0.0614006773592643;0.678633345442236
6.05;0.554419746367883;-0.0595791516093134;0.664681753290551
6.1;0.551487721145164;-0.0576893558654958;0.650730161138867
6.15;0.548651231477645;-0.0557628331586058;0.636778568987182
6.2;0.545911348561883;-0.0538300413764495;0.622826976835498
6.25;0.543267654630006;-0.0519200267958972;0.608875384683813
6.3;0.540718320965605;-0.0500601318876504;0.594923792532129
6.35;0.538260199652861;-0.0482757384018947;0.580972200380444
6.4;0.535888927274388;-0.0465900465179234;0.56702060822876
6.45;0.533599038739759;-0.0450238906136068;0.553069016077075
6.5;0.531384089404807;-0.0435955919708391;0.539117423925391
6.55;0.529236783632337;-0.0423208484734734;0.525165831773707
6.6;0.527149107949096;-0.0412126610706534;0.511214239622022
6.65;0.525112466972719;-0.040281296469859;0.497262647470338
6.7;0.523117820317416;-0.0395342851925063;0.483311055318653
6.75;0.521155818739107;-0.0389764537753646;0.469359463166969
6.8;0.51921693785058;-0.0386099895405789;0.455407871015284
6.85;0.517291607825123;-0.0384345359948121;0.4414562788636
6.9;0.515370337612951;-0.0384473165643838;0.427504686711915
6.95;0.513443832317814;-0.0386432840394533;0.413553094560231
7;0.511503102520277;-0.0390152927975696;0.399601502408546
7.05;0.509539564487315;-0.0395542906160185;0.385649910256862
7.1;0.507545130372838;-0.0402495266729604;0.371698318105177
7.15;0.505512287687815;-0.0410887721873213;0.357746725953493
7.2;0.503434167498509;-0.0420585500626529;0.343795133801808
7.25;0.501304600993822;-0.0431443698841992;0.329843541650124
7.3;0.499117991526101;-0.0443571243734544;0.31589194949844
7.35;0.496862741640207;-0.0459232581943664;0.301940357346755
7.4;0.494519277073859;-0.0478832582065184;0.287988765195071
7.45;0.492068396457806;-0.0502172796527022;0.274037173043386
7.5;0.489491907794906;-0.0529048301408486;0.260085580891702
7.55;0.486772655005347;-0.0559250033728709;0.246133988740017
7.6;0.483894532833472;-0.0592567105808132;0.232182396588333
7.65;0.480842490285825;-0.0628789074657001;0.218230804436648
7.7;0.477602522879877;-0.0667708144614059;0.204279212284964
7.75;0.474161654089613;-0.0709121282433054;0.19032762013328
7.8;0.470507906474432;-0.075283222562874;0.176376027981595
7.85;0.466630263068521;-0.0798653367060532;0.162424435829911
7.9;0.462518619686635;-0.0846407501346791;0.148472843678226
7.95;0.458163728867003;-0.0895929421650909;0.134521251526542
8;0.453557136221542;-0.0947067358540472;0.120569659374857
8.05;0.448691109996981;-0.0999684255871985;0.106618067223173
8.1;0.443558564667616;-0.105365888187853;0.0926664750714881
8.15;0.438152979381785;-0.110888677672851;0.0787148829198037
8.2;0.432468312070538;-0.116528104068383;0.0647632907681193
8.25;0.426498909999812;-0.12227729695324;0.0508116986164349
8.3;0.42023941750853;-0.128131254613594;0.0368601064647502
8.35;0.413684681626274;-0.134086879866546;0.0229085143130658
8.4;0.406829656208007;-0.140143003735537;0.00895692216138144
8.45;0.399669566855725;-0.146256076740088;0
8.5;0.392212876512957;-0.151926778258043;0
8.55;0.384486847468495;-0.157032363123456;0
8.6;0.376519142656722;-0.161596857166992;0
8.65;0.368336188028483;-0.165645647542971;0
8.7;0.359963114505735;-0.169205087575225;0
8.75;0.351423718717667;-0.17230214084803;0
8.8;0.342740440547517;-0.174964064710438;0
8.85;0.333934355534845;-0.177218132439564;0
8.9;0.325025180234428;-0.179091392592186;0
8.95;0.316031288720457;-0.180610463542389;0
9;0.30696973853469;-0.181801360832096;0
9.05;0.297856304502273;-0.182689354726907;0
9.1;0.288705518972724;-0.183298855248251;0
9.15;0.279530717181177;-0.183653321922584;0
9.2;0.270344086562118;-0.183775195529649;0
9.25;0.26115671898159;-0.183685849227264;0
9.3;0.25197866498175;-0.183405556564889;0
9.35;0.24281898925207;-0.182953474059834;0
9.4;0.233685826653415;-0.182347636188218;0
9.45;0.224586438223988;-0.181604960829265;0
9.5;0.215527266689487;-0.180741263389927;0
9.55;0.206513991083831;-0.179771278022108;0
9.6;0.197551580161714;-0.178708684523237;0
9.65;0.188644344350444;-0.177566139680229;0
9.7;0.179795986046511;-0.176355311975024;0
9.75;0.171009648112749;-0.175086918716151;0
9.8;0.162287960475309;-0.173770764794575;0
9.85;0.15363308475669;-0.172415782383439;0
9.9;0.145046756912323;-0.171030071010558;0
9.95;0.136530327864249;-0.169620937530117;0
10;0.128084802146945;-0.168194935606712;0
10.05;0.119710874597706;-0.166757904401335;0
10.1;0.111408965137828;-0.16531500621604;0
10.15;0.103179251701483;-0.163870762912621;0
10.2;0.0950217013771299;-0.162429090971496;0
10.25;0.0869360998318575;-0.160993335100977;0
10.3;0.0789220790925835;-0.159566300344885;0
10.35;0.0709791437598095;-0.158150282668815;0
10.4;0.0631066957299115;-0.156747098032822;0
10.45;0.0553040575009553;-0.155358109981627;0
10.5;0.0475704941349759;-0.153984255802908;0
10.55;0.039905233946707;-0.152626071320621;0
10.6;0.0323074879850563;-0.151283714403675;0
10.65;0.0247764683693187;-0.149956987281322;0
10.7;0.0173114055373292;-0.148645357765357;0
10.75;0.00991156445756823;-0.147347979486131;0
10.8;0.00257625985175045;-0.146063711254484;0
10.85;-0.00469512953127459;-0.144791135665342;0
10.9;-0.0119031475553284;-0.143528577060864;0
10.95;-0.0190482482213572;-0.142274118971948;0
11;-0.0261307840534079;-0.141025621156491;0
11.05;-0.0331509953288907;-0.139780736351236;0
11.1;-0.0401090001416652;-0.138536926851309;0
11.15;-0.0470047852921036;-0.13729148102759;0
11.2;-0.0538381980036677;-0.136041529886962;0
11.25;-0.0606089384706343;-0.134784063774192;0
11.3;-0.0673165532463602;-0.133515949306592;0
11.35;-0.0739604294858213;-0.132233946623873;0
11.4;-0.0805397900600338;-0.130934727025476;0
11.45;-0.0870536895633005;-0.12961489105632;0
11.5;-0.0935010112369644;-0.128270987089256;0
11.55;-0.0998804648354232;-0.126899530438567;0
11.6;-0.1061905854615;-0.125497023023747;0
11.65;-0.112429733398827;-0.12405997358646;0
11.7;-0.118596094968623;-0.122584918446249;0
11.75;-0.124687684437045;-0.121068442762312;0
11.8;-0.130702346997238;-0.119507202249665;0
11.85;-0.136637762847074;-0.117897945278511;0
11.9;-0.14249145237959;-0.116237535265877;0
11.95;-0.148260782498021;-0.114522973248845;0
12;-0.153942974061381;-0.112751420509373;0
12.05;-0.159535110459508;-0.110920221102062;0
12.1;-0.165034147308664;-0.109026924118799;0
12.15;-0.170436923250049;-0.107069305508228;0
12.2;-0.175740171824134;-0.105045389254126;0
12.25;-0.180940534383626;-0.102953467705172;0
12.3;-0.186034573997271;-0.100792120839943;0
12.35;-0.191018790285742;-0.0985602342454475;0
12.4;-0.195889635119699;-0.0962570155855986;0
12.45;-0.200643529098992;-0.0938820093379841;0
12.5;-0.205276878720996;-0.0914351095833332;0
12.55;-0.209786094135528;-0.0889165706423871;0
12.6;-0.214167607373919;-0.0863270153695016;0
12.65;-0.218417890930675;-0.0836674409312055;0
12.7;-0.222533476568171;-0.0809392219209699;0
12.75;-0.226510974208038;-0.0781441106883388;0
12.8;-0.230347090767526;-0.0752842347909778;0
12.85;-0.234038648795412;-0.0723620915116332;0
12.9;-0.23758260475999;-0.0693805394178785;0
12.95;-0.240976066841507;-0.0663427869802147;0
13;-0.244216312083157;-0.0632523783028322;0
13.05;-0.247300802758435;-0.0601131760603768;0
13.1;-0.250227201818278;-0.0569293417725453;0
13.15;-0.252993387288952;-0.0537053135854751;0
13.2;-0.255597465500974;-0.0504457817638589;0
13.25;-0.258037783040359;-0.047155662129757;0
13.3;-0.260312937326029;-0.0438400677124876;0
13.35;-0.262421785731025;-0.0405042788981457;0
13.4;-0.264363453180131;-0.0371537123867091;0
13.45;-0.266137338172278;-0.0337938892789556;0
13.5;-0.267743117192457;-0.0304304026242722;0
13.55;-0.269180747494506;-0.0270688847637601;0
13.6;-0.270450468252885;-0.0237149748008423;0
13.65;-0.271552800097907;-0.0203742865240132;0
13.7;-0.272488543064928;-0.0170523770937008;0
13.75;-0.273258773003087;-0.0137547167878405;0
13.8;-0.273864836503481;-0.010486660079166;0
13.85;-0.27430834441963;-0.0072534182919882;0
13.9;-0.27459116406481;-0.00406003405798814;0
13.95;-0.274715410181062;-0.000911357759970906;0
14;-0.274683434783311;0.00218797387968292;0
14.05;-0.274497815989057;0.00523355694228157;0
14.1;-0.274161345949433;0.00822123709762079;0
14.15;-0.273677018001134;0.0111471239731562;0
14.2;-0.273048013160737;0.0140076030824298;0
14.25;-0.272277686083447;0.016799345318164;0
14.3;-0.271369550607298;0.0195193140440046;0
14.35;-0.270327265001486;0.0221647698451142;0
14.4;-0.269154617033879;0.0247332730213939;0
14.45;-0.267855508968068;0.0272226839278255;0
14.5;-0.266433942594592;0.0296311612841396;0
14.55;-0.264894004394544;0.0319571585906689;0
14.6;-0.263239850926555;0.0341994187988425;0
14.65;-0.261475694520561;0.0363569673933897;0
14.7;-0.259605789353704;0.0384291040490736;0
14.75;-0.257634417975523;0.0404153930278325;0
14.8;-0.255565878341249;0.0423156524827746;0
14.85;-0.253404471403748;0.0441299428337899;0
14.9;-0.251154489306484;0.0458585543758479;0
14.95;-0.24882020421197;0.0475019942756174;0
15;-0.246405857792533;0.0490609731051318;0
15.05;-0.24391565140302;0.050536391053095;0
15.1;-0.241353736948211;0.0519293239453356;0
15.15;-0.238724208451439;0.0532410091961077;0
15.2;-0.236031094325015;0.054472831801636;0
15.25;-0.23327835033782;0.0556263104767143;0
15.3;-0.230469853270592;0.0567030840244779;0
15.35;-0.227609395245239;0.0577048980188471;0
15.4;-0.224700678710768;0.0586335918687202;0
15.45;-0.221747312065235;0.0594910863229056;0
15.5;-0.218752805890404;0.0602793714651207;0
15.55;-0.215720569773585;0.0610004952392301;0
15.6;-0.212653909689291;0.0616565525363114;0
15.65;-0.209556025912037;0.0622496748671597;0
15.7;-0.206430011430535;0.0627820206365124;0
15.75;-0.203278850832967;0.0632557660285926;0
15.8;-0.200105419632635;0.063673096507559;0
15.85;-0.196912484003278;0.0640361989310651;0
15.9;-0.193702700893533;0.0643472542704111;0
15.95;-0.190478618490474;0.0646084309266357;0
16;-0.187242677002767;0.0648218786283568;0
16.05;-0.183997209734763;0.0649897228941774;0
16.1;-0.180744444423797;0.0651140600399903;0
16.15;-0.177486504813965;0.0651969527095138;0
16.2;-0.174225412440807;0.0652404259048163;0
16.25;-0.170963088602493;0.0652464634924255;0
16.3;-0.167701356494356;0.0652170051597914;0
16.35;-0.164441943484905;0.0651539437963919;0
16.4;-0.161186483512724;0.065059123273545;0
16.45;-0.157936519584971;0.0649343365970426;0
16.5;-0.154693506359478;0.0647813244069598;0
16.55;-0.151458812793723;0.0646017737994429;0
16.6;-0.148233724845194;0.06439731744586;0
16.65;-0.145019448208869;0.0641695329854269;0
16.7;-0.141817111078728;0.0639199426682416;0
16.75;-0.13862776692133;0.0636500132265748;0
16.8;-0.135452397250564;0.0633611559532296;0
16.85;-0.132291914393743;0.0630547269668075;0
16.9;-0.129147164240173;0.062732027644764;0
16.95;-0.126018928964256;0.062394305206203;0
17;-0.122907929716072;0.0620427534274274;0
17.05;-0.119814829273207;0.0616785134743342;0
17.1;-0.116740234648358;0.0613026748367893;0
17.15;-0.113684699647957;0.0609162763511483;0
17.2;-0.110648727377753;0.0605203072980964;0
17.25;-0.10763277269185;0.0601157085639495;0
17.3;-0.10463724458235;0.0597033738544953;0
17.35;-0.101662508507179;0.0592841509513532;0
17.4;-0.0987088886542488;0.0588588430016847;0
17.45;-0.095776670140457;0.0584282098329045;0
17.5;-0.0928661011445007;0.057992969284812;0
17.55;-0.0899773949727848;0.0575537985522915;0
17.6;-0.0871107320580658;0.0571113355324153;0
17.65;-0.0842662618907434;0.0566661801704249;0
17.7;-0.0814441048829868;0.0562188957996665;0
17.75;-0.0786443541661057;0.0557700104711165;0
17.8;-0.075867077321786;0.0553200182686512;0
17.85;-0.0731123180479887;0.0548693806066988;0
17.9;-0.0703800977604668;0.0544185275073526;0
17.95;-0.0676704171309935;0.0539678588544389;0
18;-0.0649832575635043;0.0535177456224039;0
18.05;-0.0623185826094639;0.0530685310782335;0
18.1;-0.0596763393238389;0.0526205319549316;0
18.15;-0.0570564595631323;0.0521740395953693;0
18.2;-0.054458861226985;0.0517293210655785;0
18.25;-0.0518834494448889;0.0512866202367974;0
18.3;-0.0493301177095884;0.0508461588357884;0
18.35;-0.046798748958764;0.0504081374631384;0
18.4;-0.0442892166066021;0.0499727365794225;0
18.45;-0.0418013855268583;0.0495401174592636;0
18.5;-0.039335112989016;0.0491104231134546;0
18.55;-0.0368902495491285;0.0486837791794285;0
18.6;-0.0344666398969211;0.0482602947804675;0
18.65;-0.0320641236607029;0.047840063354129;0
18.7;-0.0296825361716113;0.0474231634504481;0
18.75;-0.0273217091886916;0.0470096595005415;0
18.8;-0.0249814715862674;0.0465996025562946;0
18.85;-0.022661650005035;0.0461930310018607;0
18.9;-0.0203620694682692;0.0457899712377398;0
18.95;-0.0180825539644936;0.0453904383382367;0
19;-0.0158229269979243;0.0449944366831189;0
19.05;-0.0135830121079577;0.0446019605643188;0
19.1;-0.0113626333589277;0.0442129947685272;0
19.15;-0.00916161580131709;0.0438275151365429;0
19.2;-0.00697978590556308;0.0434454891002359;0
19.25;-0.00481697196955609;0.0430668761979868;0
19.3;-0.0026730045008851;0.0426916285694567;0
19.35;-0.000547716574842916;0.0423196914305328;0
19.4;0.00155905583083863;0.0419510035292856;0
19.45;0.00364747352359472;0.041585497583759;0
19.5;0.00571769380508661;0.0412231007023973;0
19.55;0.00776987020086514;0.0408637347878971;0
19.6;0.00980415220982934;0.0405073169252516;0
19.65;0.0118206850727085;0.0401537597547331;0
19.7;0.0138196095588326;0.0398029718305397;0
19.75;0.0158010617704918;0.0394548579658064;0
19.8;0.0177651729642209;0.039109319564657;0
19.85;0.0197120693883763;0.0387662549419525;0
19.9;0.0216418721364064;0.038425559631359;0
19.95;0.0235546970152471;0.0380871266823403;0
20;0.025450654428302;0.0377508469466486;0
