0;0.0842470523146596;0.0819491591648541;0
0.05;0.0883228409006285;0.0810787892179904;0
0.1;0.0923548240748604;0.0801967327757556;0
0.15;0.0956901224772568;0.0399326131486973;-1.18963933677212
0.2;0.0961945155545789;-0.019780411896824;-1.18963933677212
0.25;0.093727659286486;-0.0789156665038428;-1.18963933677212
0.3;0.0883184302639407;-0.137475502385028;-1.18963933677212
0.35;0.0799953091325712;-0.195473331479354;-1.18963933677212
0.4;0.0687858587142839;-0.252932035863248;-1.18963933677212
0.45;0.054716334298254;-0.309880236248997;-1.18963933677212
0.5;0.0378115377315764;-0.366346236313339;-1.18963933677212
0.55;0.0180950361129307;-0.422349458340834;-1.18963933677212
0.6;-0.0044101248954763;-0.477889188118852;-1.18963933677212
0.65;-0.0296800744737463;-0.532930470545899;-1.18963933677212
0.7;-0.0576879916468438;-0.587387066376072;-1.18963933677212
0.75;-0.0884010555465452;-0.641101527456314;-1.18963933677212
0.8;-0.121776333493162;-0.693822712895644;-1.18963933677212
0.85;-0.157755495483077;-0.745181496441714;-1.18963933677212
0.9;-0.196258296022288;-0.794666046888677;-1.18963933677212
0.95;-0.237174853780457;-0.841598920263828;-1.18963933677212
1;-0.280356897198273;-0.885119261627191;-1.18963933677212
1.05;-0.325608337904995;-0.924174571947991;-1.18963933677212
1.1;-0.372675783513057;-0.95752752788102;-1.18963933677212
1.15;-0.421239892138546;-0.983783877036251;-1.18963933677212
1.2;-0.470913588900423;-1.0033020091575;-1.18963933677212
1.25;-0.52174275171868;-1.02755998748031;-1.18963933677212
1.3;-0.573350626395445;-1.03332251378557;-1.18963933677212
1.35;-0.624719457962423;-1.01774839797633;-1.18963933677212
1.4;-0.674669101482339;-0.972219408563448;-1.18963933677212
1.45;-0.721482361237734;-0.896978770851241;-1.18963933677212
1.5;-0.764077895166533;-0.803920776010221;-1.18963933677212
1.55;-0.80163920183358;-0.696171028579396;-1.18963933677212
1.6;-0.833525551499866;-0.577589560237263;-1.18963933677212
1.65;-0.85930106296241;-0.452453243475213;-1.18963933677212
1.7;-0.878746731107496;-0.325101542793384;-1.18963933677212
1.75;-0.891855089787834;-0.199605656240422;-1.18963933677212
1.8;-0.898809954722686;-0.0795090604732196;-1.18963933677212
1.85;-0.899955566194366;0.0323345576366506;-1.18963933677212
1.9;-0.895760152990671;0.133823521019744;-1.18963933677212
1.95;-0.886778578250843;0.223586171839052;-1.18963933677212
2;-0.873617671194677;0.300899839060122;-1.18963933677212
2.05;-0.856906524891234;0.365577384969704;-1.18963933677212
2.1;-0.83727279339874;0.417843920898623;-1.18963933677212
2.15;-0.815325049616715;0.458219782261569;-1.18963933677212
2.2;-0.791640628987018;0.48741922860021;-1.18963933677212
2.25;-0.766758052678557;0.506268912040262;-1.18963933677212
2.3;-0.741173022796482;0.515646384690031;-1.18963933677212
2.35;-0.715337030055155;0.516436685370664;-1.18963933677212
2.4;-0.689657742427747;0.509504004481091;-1.18963933677212
2.45;-0.664500502096765;0.495675176763464;-1.18963933677212
2.5;-0.640190416654142;0.475731961123019;-1.18963933677212
2.55;-0.617014672400381;0.45040949450577;-1.18963933677212
2.6;-0.595224815965384;0.420398801236024;-1.18963933677212
2.65;-0.575038844336167;0.386351715446017;-1.18963933677212
2.7;-0.556643014777899;0.348886992381915;-1.18963933677212
2.75;-0.540193338391402;0.308596731076458;-1.18963933677212
2.8;-0.525816757762866;0.266052506529975;-1.18963933677212
2.85;-0.513612033740045;0.221810820380016;-1.18963933677212
2.9;-0.50365038186011;0.176417632911858;-1.18963933677212
2.95;-0.495974277218748;0.130584610629407;-1.18963933677212
3;-0.490573564338655;0.0855132658628656;-1.18963933677212
3.05;-0.487401231782015;0.0414780106172116;-1.18963933677212
3.1;-0.486401425412383;-0.00135722172221076;-1.18963933677212
3.15;-0.487509832389955;-0.0428176197835903;-1.18963933677212
3.2;-0.49065308616223;-0.0827155491538984;-1.18963933677212
3.25;-0.495748090466356;-0.12084927701821;-1.18963933677212
3.3;-0.502700882049729;-0.156931549690771;-1.18963933677212
3.35;-0.511383922501326;-0.189856835665937;-1.18963933677212
3.4;-0.521620003024331;-0.218975876782467;-1.18963933677212
3.45;-0.533208751979506;-0.243893292943823;-1.18963933677212
3.5;-0.545931291276462;-0.264266283332;-1.18963933677212
3.55;-0.559553165963998;-0.2798167621566;-1.18963933677212
3.6;-0.573827887468391;-0.290343640507686;-1.18963933677212
3.65;-0.588501076973828;-0.295734390678759;-1.18963933677212
3.7;-0.603315148393509;-0.295974886786809;-1.18963933677212
3.75;-0.618014418365988;-0.291156465603978;-1.18963933677212
3.8;-0.632350479185421;-0.281479225230281;-1.18963933677212
3.85;-0.646087626161541;-0.267250790903034;-1.18963933677212
3.9;-0.659008100380478;-0.248880117648559;-1.18963933677212
3.95;-0.670916896868763;-0.22686633361841;-1.18963933677212
4;-0.68164590009147;-0.201783098928135;-1.18963933677212
4.05;-0.691057143690613;-0.174259393912615;-1.18963933677212
4.1;-0.699045046096699;-0.14495799134159;-1.18963933677212
4.15;-0.705537541853178;-0.114553059036358;-1.18963933677212
4.2;-0.710496102031605;-0.0837083589621715;-1.18963933677212
4.25;-0.713914707420981;-0.0530573632231667;-1.18963933677212
4.3;-0.715817897733675;-0.023186330382154;-1.18963933677212
4.35;-0.716258063551447;0.00537897132741488;-1.18963933677212
4.4;-0.715312172570849;0.0321825869930662;-1.18963933677212
4.45;-0.713078128080765;0.0568437885166185;-1.18963933677212
4.5;-0.709670947942991;0.0790589081273326;-1.18963933677212
4.55;-0.705218930528166;0.0986001203837541;-1.18963933677212
4.6;-0.69985994455415;0.115311810059508;-1.18963933677212
4.65;-0.693737946898743;0.129105191365904;-1.18963933677212
4.7;-0.686999799852088;0.13995180828497;-1.18963933677212
4.75;-0.679792429621529;0.14787646663972;-1.18963933677212
4.8;-0.672260342878885;0.152950045490066;-1.18963933677212
4.85;-0.664543498515203;0.155282524946235;-1.18963933677212
4.9;-0.656775517591967;0.155016461707796;-1.18963933677212
4.95;-0.649082205302084;0.152321050384165;-1.18963933677212
5;-0.641580353837882;0.147386831961931;-1.18963933677212
5.05;-0.634376793540443;0.140421051768416;-1.18963933677212
5.1;-0.62756766070696;0.131643627059231;-1.18963933677212
5.15;-0.621237853168212;0.121283656877844;-1.18963933677212
5.2;-0.615460648543137;0.109576391518358;-1.18963933677212
5.25;-0.610297464389984;0.0967605731213264;-1.18963933677212
5.3;-0.605797743889893;0.0830760602191196;-1.18963933677212
5.35;-0.601998954917411;0.068761655370482;-1.18963933677212
5.4;-0.598926265983013;0.0551233574193552;0
5.45;-0.595081659329929;0.0982349243430495;0
5.5;-0.589161754199603;0.138060039575302;0
5.55;-0.581340277729837;0.174239209445931;0
5.6;-0.571806382938355;0.206513843491036;0
5.65;-0.560759813873837;0.234717402732686;0
5.7;-0.548406566510221;0.258764612344782;0
5.75;-0.534955114473133;0.278639817856637;0
5.8;-0.520613219703763;0.294385358363595;0
5.85;-0.505585310104187;0.306090604743767;0
5.9;-0.490065434231817;0.314350547967224;0
5.95;-0.474176194559639;0.321000955322522;0
6;-0.457987971869203;0.326329164972901;0
6.05;-0.441563631164321;0.330464394375246;0
6.1;-0.424959711023582;0.333530297901019;0
6.15;-0.408226725029703;0.33564408793188;0
6.2;-0.391409499551174;0.336915951003201;0
6.25;-0.374547534467968;0.337448705994169;0
6.3;-0.357675375946711;0.337337656933949;0
6.35;-0.340822992594937;0.336670598915021;0
6.4;-0.324016148252286;0.3355279414727;0
6.45;-0.30727676631827;0.333982919341694;0
6.5;-0.290623281891791;0.332101865581987;0
6.55;-0.274070979132424;0.329944526601559;0
6.6;-0.257632312175802;0.327564402570953;0
6.65;-0.241317208673214;0.325009100139571;0
6.7;-0.225133355605661;0.322320687262757;0
6.75;-0.209086467469644;0.319536042381806;0
6.8;-0.19318053726778;0.316687192220512;0
6.85;-0.177418070981267;0.313801634127208;0
6.9;-0.161800306369637;0.310902640253028;0
6.95;-0.146327417050081;0.308009541964183;0
7;-0.13099870286564;0.305137993781859;0
7.05;-0.115812767568141;0.302300216866107;0
7.1;-0.100767684825947;0.299505222642571;0
7.15;-0.0858611535244222;0.296759017640723;0
7.2;-0.0710906432638642;0.294064790992306;0
7.25;-0.0564535308791687;0.291423086347301;0
7.3;-0.0419472287111894;0.288831960216403;0
7.35;-0.0275693052539841;0.28628712895446;0
7.4;-0.0133175986871084;0.283782106766008;0
7.45;0.00080967632037454;0.281308337246411;0
7.5;0.0148138282758008;0.278855321071797;0
7.55;0.0286955948728179;0.276410742517193;0
7.6;0.0424550553542622;0.273960597511967;0
7.65;0.056091549372308;0.271489325929913;0
7.7;0.0696036026237898;0.268979950751566;0
7.75;0.0829888596678395;0.266414226620829;0
7.8;0.0962440244548985;0.263772800138533;0
7.85;0.10936480920732;0.261035383983457;0
7.9;0.122345892388369;0.258180946619186;0
7.95;0.135180886574255;0.255187918926297;0
8;0.14786231709851;0.252034418590212;0
8.05;0.160381612364905;0.248698492474757;0
8.1;0.172729106719821;0.245158376523966;0
8.15;0.184894056733305;0.241392771968738;0
8.2;0.196864671656389;0.237381135785546;0
8.25;0.208628158698003;0.233103982482676;0
8.3;0.220170783596451;0.228543193403292;0
8.35;0.231477946748129;0.223682328867915;0
8.4;0.242534274901757;0.218506937670941;0
8.45;0.253323728134047;0.213004857739786;0
8.5;0.263829721498459;0.207166501205932;0
8.55;0.274035260391102;0.200985116768727;0
8.6;0.283923088317415;0.194457022095405;0
8.65;0.293475845382432;0.187581799127486;0
8.7;0.302676235480048;0.180362445577465;0
8.75;0.311507199837372;0.172805476609846;0
8.8;0.319952094293758;0.164920971701377;0
8.85;0.327994867474449;0.156722562944148;0
8.9;0.33562023686847;0.148227362552239;0
8.95;0.342813859749497;0.139455829002708;0
9;0.349562495893994;0.130431573016024;0
9.05;0.355854159156126;0.121181106381634;0
9.1;0.361678255153152;0.111733538378084;0
9.15;0.367025702593303;0.102120226141691;0
9.2;0.371889036131466;0.0923743867267759;0
9.25;0.376262489054176;0.0825306797085363;0
9.3;0.380142054558733;0.0726247699571922;0
9.35;0.3835255248847;0.0626928806277234;0
9.4;0.386412508060799;0.0527713464526704;0
9.45;0.388804422528147;0.0428961771055887;0
9.5;0.39070447037409;0.0331026397484587;0
9.55;0.392117590344137;0.0234248689324993;0
9.6;0.39305039217944;0.013895510845707;0
9.65;0.39351107414399;0.00454540755739635;0
9.7;0.393509325852508;-0.00459667453114776;0
9.75;0.393056218683759;-0.0135042692923143;0
9.8;0.392164086164717;-0.0221533872355156;0
9.85;0.390846396741756;-0.0305226436813221;0
9.9;0.389117621321343;-0.0385933400192536;0
9.95;0.386993097871975;-0.0463495003769625;0
10;0.384488895240269;-0.0537778668972369;0
10.05;0.381621678156664;-0.0608678574918714;0
10.1;0.378408575200051;-0.0676114904182733;0
10.15;0.374867051265365;-0.0740032803145809;0
10.2;0.371014785842769;-0.080040110447742;0
10.25;0.366869558179516;-0.0857210858969503;0
10.3;0.362449140162997;-0.0910473722355652;0
10.35;0.35777119754145;-0.0960220240130154;0
10.4;0.352853199891925;-0.100649806998883;0
10.45;0.347712339556634;-0.104937017757911;0
10.5;0.342365459600934;-0.108891303698393;0
10.55;0.336828990699989;-0.112521486296096;0
10.6;0.331118896737059;-0.115837389757257;0
10.65;0.325250628793865;-0.1188496769601;0
10.7;0.319239087131549;-0.121569694114513;0
10.75;0.31309859069816;-0.124009325211149;0
10.8;0.306842853653429;-0.126180856998761;0
10.85;0.300484968372199;-0.128096854934794;0
10.9;0.2940373943721;-0.129770050299648;0
10.95;0.287511952607108;-0.13121323844922;0
11;0.280919824574498;-0.132439188001409;0
11.05;0.27427155569665;-0.133460560607962;0
11.1;0.267577062459561;-0.134289840850207;0
11.15;0.260845642815185;-0.134939275712679;0
11.2;0.254085989383608;-0.13542082302898;0
11.25;0.247306205022406;-0.135746108256026;0
11.3;0.240513820363272;-0.135926388912906;0
11.35;0.233715812949369;-0.135972526015834;0
11.4;0.226918627640148;-0.135894961848308;0
11.45;0.220128197983012;-0.135703703423103;0
11.5;0.213349968282781;-0.135408311017802;0
11.55;0.206588916130077;-0.13501789119638;0
11.6;0.199849575178267;-0.134541093764067;0
11.65;0.193136057985315;-0.133986112140027;0
11.7;0.186452078761726;-0.133360686671089;0
11.75;0.179800975888594;-0.13267211044886;0
11.8;0.173185734090704;-0.131927237231284;0
11.85;0.166609006168643;-0.131132491107518;0
11.9;0.160073134210986;-0.13029387758135;0
11.95;0.153580170223018;-0.129416995783002;0
12;0.147131896122137;-0.128507051551816;0
12.05;0.140729843062165;-0.127568871162778;0
12.1;0.134375310059463;-0.126606915498202;0
12.15;0.128069381902985;-0.125625294491916;0
12.2;0.121812946338473;-0.124627781697218;0
12.25;0.115606710523836;-0.123617828851604;0
12.3;0.109451216758653;-0.122598580330966;0
12.35;0.103346857495611;-0.121572887403717;0
12.4;0.0972938896457954;-0.120543322211219;0
12.45;0.0912924481930463;-0.119512191415072;0
12.5;0.0853425591352605;-0.118481549464487;0
12.55;0.0794441517725672;-0.117453211448083;0
12.6;0.0735970703638354;-0.116428765504297;0
12.65;0.0678010851740511;-0.115409584773195;0
12.7;0.0620559029357579;-0.114396838879957;0
12.75;0.0563611767480905;-0.113391504946835;0
12.8;0.0507165154369347;-0.112394378135959;0
12.85;0.0451214923995121;-0.111406081730178;0
12.9;0.0395756539562229;-0.110427076763191;0
12.95;0.0340785272319278;-0.109457671213659;0
13;0.0286296275880446;-0.108498028780835;0
13.05;0.023228465625894;-0.107548177261612;0
13.1;0.0178745537806892;-0.106608016550778;0
13.15;0.0125674125244324;-0.10567732628774;0
13.2;0.00730657619478966;-0.104755773174147;0
13.25;0.0020915984657741;-0.103842917987604;0
13.3;-0.00307794252520919;-0.102938222317221;0
13.35;-0.00820243938069505;-0.102041055046996;0
13.4;-0.0132822509649086;-0.101150698613033;0
13.45;-0.0183176982332713;-0.100266355060438;0
13.5;-0.0233090603602834;-0.0993871519252999;0
13.55;-0.0282565711576586;-0.098512147966629;0
13.6;-0.0331604157758156;-0.0976403387723407;0
13.65;-0.0380207276830101;-0.0967706622624642;0
13.7;-0.0428375859175236;-0.0959020041116774;0
13.75;-0.0476110126094038;-0.0950332031120351;0
13.8;-0.052340970769257;-0.094163056495377;0
13.85;-0.0570273623425309;-0.093290325233372;0
13.9;-0.061670026528585;-0.092413739331488;0
13.95;-0.0662687383646117;-0.0915320031313725;0
14;-0.0708232075751517;-0.0906438006341786;0
14.05;-0.0753330776885203;-0.0897478008553087;0
14.1;-0.0797979254219317;-0.088842663218851;0
14.15;-0.0842172603374633;-0.0879270429976676;0
14.2;-0.0885905247712441;-0.0869995968026882;0
14.25;-0.0929170940383601;-0.0860589881224359;0
14.3;-0.0971962769159646;-0.0851038929112302;0
14.35;-0.101427316406929;-0.084133005221839;0
14.4;-0.105609390786099;-0.0831450428756499;0
14.45;-0.109741614930796;-0.0821387531606898;0
14.5;-0.113823041936668;-0.0811129185450806;0
14.55;-0.117852665019288;-0.0800663623908006;0
14.6;-0.121829419701075;-0.0789979546499522;0
14.65;-0.125752186282187;-0.0779066175231466;0
14.7;-0.129619792592911;-0.0767913310571466;0
14.75;-0.133431017023899;-0.0756511386565758;0
14.8;-0.137184591829282;-0.074485152482366;0
14.85;-0.140879206696283;-0.073292558707684;0
14.9;-0.144513512573423;-0.072072622600414;0
14.95;-0.148086125747857;-0.0708246933998899;0
15;-0.151595632160723;-0.0695482089545156;0
15.05;-0.155040591947697;-0.0682427000862131;0
15.1;-0.158419544190243;-0.0669077946473203;0
15.15;-0.161731011861318;-0.065543221235656;0
15.2;-0.164973506947604;-0.064148812533992;0
15.25;-0.168145535728649;-0.062724508241142;0
15.3;-0.171245604191728;-0.0612703575633018;0
15.35;-0.174272223559676;-0.0597865212361613;0
15.4;-0.177223915907548;-0.0582732730506401;0
15.45;-0.180099219842677;-0.0567310008578861;0
15.5;-0.182896696221533;-0.0551602070323783;0
15.55;-0.18561493387585;-0.0535615083755778;0
15.6;-0.188252555319685;-0.0519356354465392;0
15.65;-0.190808222408504;-0.0502834313101849;0
15.7;-0.193280641921051;-0.0486058496985048;0
15.75;-0.195668571034611;-0.0469039525847283;0
15.8;-0.197970822664442;-0.0451789071754606;0
15.85;-0.200186270638473;-0.0434319823308071;0
15.9;-0.202313854679054;-0.0416645444275801;0
15.95;-0.20435258516437;-0.0398780526857004;0
16;-0.2063015476433;-0.0380740539828171;0
16.05;-0.208159907078834;-0.0362541771868933;0
16.1;-0.209926911796811;-0.0344201270409787;0
16.15;-0.2116018971185;-0.0325736776385439;0
16.2;-0.213184288657603;-0.0307166655315302;0
16.25;-0.214673605264442;-0.0288509825166126;0
16.3;-0.216069461602422;-0.0269785681480344;0
16.35;-0.217371570344371;-0.0251014020277169;0
16.4;-0.218579743978911;-0.0232214959251333;0
16.45;-0.21969389621969;-0.021340885780651;0
16.5;-0.220714043013009;-0.0194616236466691;0
16.55;-0.221640303142075;-0.0175857696209121;0
16.6;-0.222472898428847;-0.0157153838256875;0
16.65;-0.223212153537092;-0.013852518485792;0
16.7;-0.223858495382861;-0.0119992101560831;0
16.75;-0.224412452161093;-0.0101574721475543;0
16.8;-0.224874651999452;-0.00832928719809636;0
16.85;-0.225245821252697;-0.00651660043105046;0
16.9;-0.225526782453;-0.00472131264120539;0
16.95;-0.225718451933487;-0.00294527394411895;0
17;-0.22582183714398;-0.00119027782061422;0
17.05;-0.225838033679402;0.000541944415929118;0
17.1;-0.225768222042595;0.00224972870623405;0
17.15;-0.225613664164328;0.00393148286692575;0
17.2;-0.225375699704125;0.00558569073312152;0
17.25;-0.225055742156136;0.00721091581188376;0
17.3;-0.224655274784657;0.00880580444093856;0
17.35;-0.224175846414106;0.0103690884512521;0
17.4;-0.223619067098195;0.0118995873360618;0
17.45;-0.222986603692841;0.0133962099327409;0
17.5;-0.222280175356944;0.0148579556273998;0
17.55;-0.22150154900457;0.0162839150953679;0
17.6;-0.220652534731366;0.0176732705936379;0
17.65;-0.219734981237145;0.0190252958239665;0
17.7;-0.218750771265593;0.0203393553876105;0
17.75;-0.217701817080967;0.0216149038546261;0
17.8;-0.216590056000421;0.0228514844722715;0
17.85;-0.215417445999399;0.0240487275383332;0
17.9;-0.214185961406151;0.0252063484661603;0
17.95;-0.21289758870013;0.02632414556884;0
18;-0.211554322427608;0.0274019975903079;0
18.05;-0.210158161246471;0.0284398610112687;0
18.1;-0.208711104110757;0.0294377671576356;0
18.15;-0.207215146604136;0.0303958191387904;0
18.2;-0.205672277430161;0.0313141886423562;0
18.25;-0.204084475065825;0.0321931126113769;0
18.3;-0.202453704583669;0.0330328898288381;0
18.35;-0.200781914646483;0.0338338774333646;0
18.4;-0.199071034677459;0.0345964873887208;0
18.45;-0.197322972207581;0.0353211829284318;0
18.5;-0.195539610400987;0.0360084749954693;0
18.55;-0.193722805758079;0.0366589186955183;0
18.6;-0.191874385995277;0.0372731097808808;0
18.65;-0.189996148099484;0.0378516811805998;0
18.7;-0.188089856554596;0.0383952995909124;0
18.75;-0.186157241736718;0.0389046621386812;0
18.8;-0.184199998474151;0.0393804931290245;0
18.85;-0.182219784767692;0.0398235408869678;0
18.9;-0.180218220666324;0.0402345747015987;0
18.95;-0.178196887292991;0.0406143818799105;0
19;-0.176157326014814;0.0409637649162951;0
19.05;-0.17410103775185;0.0412835387824811;0
19.1;-0.172029482418268;0.0415745283416191;0
19.15;-0.169944078489661;0.0418375658891984;0
19.2;-0.167846202690116;0.0420734888225338;0
19.25;-0.165737189792582;0.0422831374396885;0
19.3;-0.163618332526053;0.0424673528679051;0
19.35;-0.161490881583114;0.0426269751208953;0
19.4;-0.159356045721439;0.0427628412836867;0
19.45;-0.15721499195289;0.0428757838231474;0
19.5;-0.155068845814014;0.0429666290217954;0
19.55;-0.152918691711827;0.0430361955320527;0
19.6;-0.150765573338943;0.0430852930477174;0
19.65;-0.148610494152287;0.0431147210890978;0
19.7;-0.146454417909786;0.0431252678979787;0
19.75;-0.144298269259658;0.0431177094383672;0
19.8;-0.142142934377119;0.0430928084987863;0
19.85;-0.139989261643516;0.043051313891754;0
19.9;-0.137838062363173;0.0429939597459902;0
19.95;-0.13569011151339;0.042921464886836;0
20;-0.133546148523329;0.0428345323003449;0
