0.000;3.067662;0.050725;-0.997268;0.073863;0.000000
0.050;3.072916;0.105069;-0.997643;0.068623;0.000000
0.100;3.080694;0.155558;-0.998146;0.060861;0.000000
0.150;3.090711;0.200337;-0.998706;0.050860;0.000000
0.200;3.102598;0.237757;-0.999240;0.038984;0.000000
0.250;3.115921;0.266440;-0.999671;0.025669;0.000000
0.300;3.130187;0.285326;-0.999935;0.011406;0.000000
0.350;3.144873;0.293718;-0.999995;-0.003280;0.000000
0.400;3.159438;0.291305;-0.999841;-0.017844;0.000000
0.450;3.173347;0.278176;-0.999496;-0.031749;0.000000
0.500;3.186088;0.254816;-0.999010;-0.044480;0.000000
0.550;3.197192;0.222090;-0.998455;-0.055571;0.000000
0.600;3.206252;0.181204;-0.997910;-0.064615;0.000000
0.650;3.212936;0.133664;-0.997456;-0.071282;0.000000
0.700;3.216996;0.081218;-0.997158;-0.075332;0.000000
0.750;3.218286;0.025792;-0.997061;-0.076618;0.000000
0.800;3.216757;-0.030580;-0.997176;-0.075094;0.000000
0.850;3.212466;-0.085830;-0.997490;-0.070814;0.000000
0.900;3.205569;-0.137931;-0.997954;-0.063933;0.000000
0.950;3.196321;-0.184969;-0.998503;-0.054701;0.000000
1.000;3.185060;-0.225215;-0.999055;-0.043453;0.000000
1.050;3.172201;-0.257186;-0.999532;-0.030603;0.000000
1.100;3.158215;-0.279702;-0.999862;-0.016622;0.000000
1.150;3.143619;-0.291932;-0.999998;-0.002026;0.000000
1.200;3.128948;-0.293422;-0.999920;0.012645;0.000000
1.250;3.114742;-0.284119;-0.999640;0.026848;0.000000
1.300;3.101523;-0.264366;-0.999197;0.040059;0.000000
1.350;3.089779;-0.234893;-0.998658;0.051791;0.000000
1.400;3.079939;-0.196788;-0.998100;0.061614;0.000000
1.450;3.072367;-0.151455;-0.997605;0.069171;0.000000
1.500;3.067338;-0.100563;-0.997244;0.074186;0.000000
1.550;3.065039;-0.045980;-0.997071;0.076478;0.000000
1.600;3.065554;0.010289;-0.997110;0.075966;0.000000
1.650;3.068863;0.066180;-0.997356;0.072666;0.000000
1.700;3.074845;0.119644;-0.997773;0.066698;0.000000
1.750;3.083319;0.169474;-0.998303;0.058241;0.005048
1.800;3.093870;0.211026;-0.998861;0.047704;-0.008660
1.850;3.106232;0.247234;-0.999375;0.035353;0.007396
1.900;3.119952;0.274408;-0.999766;0.021639;0.007751
1.950;3.134450;0.289959;-0.999974;0.007142;-0.002462
2.000;3.149163;0.294260;-0.999971;-0.007570;-0.006364
2.050;3.163641;0.289549;-0.999757;-0.022046;0.005726
2.100;3.177264;0.272476;-0.999364;-0.035664;-0.005683
2.150;3.189593;0.246573;-0.998848;-0.047982;0.002249
2.200;3.200124;0.210620;-0.998288;-0.058498;-0.004340
2.250;3.208472;0.166964;-0.997764;-0.066830;-0.004106
2.300;3.214419;0.118939;-0.997349;-0.072762;0.007633
2.350;3.217646;0.064537;-0.997109;-0.075980;-0.005778
2.400;3.218152;0.010121;-0.997071;-0.076485;0.009907
2.450;3.215862;-0.045796;-0.997243;-0.074201;0.002379
2.500;3.210882;-0.099607;-0.997600;-0.069234;0.005212
2.550;3.203345;-0.150747;-0.998094;-0.061713;-0.001336
2.600;3.193501;-0.196879;-0.998653;-0.051885;-0.004849
2.650;3.181743;-0.235145;-0.999194;-0.040140;-0.000612
2.700;3.168491;-0.265043;-0.999638;-0.026895;-0.002436
2.750;3.154321;-0.283397;-0.999919;-0.012728;0.009566
2.800;3.139665;-0.293135;-0.999998;0.001928;-0.002489
2.850;3.125045;-0.292402;-0.999863;0.016547;-0.004572
2.900;3.111025;-0.280390;-0.999533;0.030563;-0.001083
2.950;3.098171;-0.257073;-0.999057;0.043408;0.005532
3.000;3.086933;-0.224765;-0.998507;0.054632;0.002475
3.050;3.077657;-0.185526;-0.997957;0.063892;-0.006376
3.100;3.070737;-0.138399;-0.997491;0.070796;0.000789
3.150;3.066406;-0.086614;-0.997175;0.075116;-0.002028
3.200;3.064895;-0.030219;-0.997060;0.076622;0.007527
3.250;3.066228;0.026660;-0.997161;0.075293;0.003361
3.300;3.070367;0.082769;-0.997464;0.071166;0.004749
3.350;3.077157;0.135803;-0.997925;0.064391;0.004493
3.400;3.086251;0.181883;-0.998469;0.055313;-0.008639
3.450;3.097442;0.223811;-0.999026;0.044137;0.008207
3.500;3.110326;0.257685;-0.999511;0.031262;0.009339
3.550;3.124346;0.280398;-0.999851;0.017246;-0.001924
3.600;3.139068;0.294439;-0.999997;0.002525;0.009015
3.650;3.153928;0.297205;-0.999924;-0.012335;0.006058
3.700;3.168378;0.289007;-0.999641;-0.026782;0.005852
3.750;3.181852;0.269483;-0.999190;-0.040249;0.001204
3.800;3.193910;0.241154;-0.998632;-0.052294;0.008565
3.850;3.204017;0.202133;-0.998052;-0.062384;-0.003639
3.900;3.211835;0.156363;-0.997534;-0.070185;0.000857
3.950;3.217053;0.104362;-0.997154;-0.075389;-0.002421
4.000;3.219455;0.048040;-0.996970;-0.077784;-0.005698
4.050;3.218996;-0.009190;-0.997006;-0.077326;0.000000
4.100;3.215691;-0.066082;-0.997256;-0.074031;0.000000
4.150;3.209664;-0.120550;-0.997684;-0.068019;0.000000
4.200;3.201134;-0.170595;-0.998228;-0.059506;0.000000
4.250;3.190415;-0.214377;-0.998808;-0.048803;0.000000
4.300;3.177901;-0.250284;-0.999341;-0.036300;0.000000
4.350;3.164052;-0.276992;-0.999748;-0.022457;0.000000
4.400;3.149376;-0.293515;-0.999970;-0.007783;0.000000
4.450;3.134414;-0.299241;-0.999974;0.007179;0.000000
4.500;3.119716;-0.293959;-0.999761;0.021875;0.000000
4.550;3.105823;-0.277865;-0.999360;0.035763;0.000000
4.600;3.093245;-0.251552;-0.998831;0.048329;0.000000
4.650;3.082445;-0.215994;-0.998251;0.059113;0.000000
4.700;3.073820;-0.172502;-0.997704;0.067721;0.000000
4.750;3.067686;-0.122676;-0.997270;0.073839;0.000000
4.800;3.064269;-0.068349;-0.997012;0.077247;0.000000
4.850;3.063693;-0.011515;-0.996967;0.077821;0.000000
4.900;3.065980;0.045742;-0.997143;0.075540;0.000000
4.950;3.071046;0.101321;-0.997513;0.070488;0.000000
5.000;3.078705;0.153182;-0.998023;0.062846;0.000000
5.050;3.088676;0.199421;-0.998600;0.052892;0.000000
5.100;3.100593;0.238336;-0.999160;0.040988;0.000000
5.150;3.114018;0.268493;-0.999620;0.027571;0.000000
5.200;3.128457;0.288779;-0.999914;0.013136;0.000000
5.250;3.143379;0.298443;-0.999998;-0.001786;0.000000
5.300;3.158235;0.297129;-0.999862;-0.016642;0.000000
5.350;3.172480;0.284885;-0.999523;-0.030882;0.000000
5.400;3.185588;0.262163;-0.999032;-0.043981;0.000000
5.450;3.197078;0.229804;-0.998461;-0.055457;0.000000
5.500;3.206528;0.189002;-0.997892;-0.064890;0.000000
5.550;3.213591;0.141259;-0.997409;-0.071936;0.000000
5.600;3.218008;0.088332;-0.997082;-0.076341;0.000000
5.650;3.219616;0.032165;-0.996958;-0.077944;0.000000
5.700;3.218357;-0.025183;-0.997055;-0.076689;0.000000
5.750;3.214276;-0.081606;-0.997360;-0.072620;0.000000
5.800;3.207525;-0.135036;-0.997827;-0.065884;0.000000
5.850;3.198349;-0.183511;-0.998390;-0.056726;0.000000
5.900;3.187087;-0.225247;-0.998965;-0.045478;0.000000
5.950;3.174151;-0.258707;-0.999470;-0.032553;0.000000
6.000;3.160019;-0.282658;-0.999830;-0.018425;0.000000
6.050;3.145208;-0.296214;-0.999993;-0.003615;0.000000
6.100;3.130264;-0.298874;-0.999936;0.011328;0.000000
6.150;3.115737;-0.290539;-0.999666;0.025853;0.000000
6.200;3.102161;-0.271518;-0.999223;0.039421;0.000000
6.250;3.090035;-0.242514;-0.998671;0.051534;0.000000
6.300;3.079806;-0.204597;-0.998092;0.061748;0.000000
6.350;3.071847;-0.159166;-0.997569;0.069689;0.000000
6.400;3.066453;-0.107893;-0.997178;0.075069;0.000000
6.450;3.063820;-0.052661;-0.996977;0.077695;0.000000
6.500;3.064045;0.004503;-0.996995;0.077470;0.000000
6.550;3.067120;0.061502;-0.997228;0.074404;0.000000
6.600;3.072932;0.116245;-0.997644;0.068607;0.000000
6.650;3.081268;0.166722;-0.998181;0.060288;0.000000
6.700;3.091822;0.211079;-0.998762;0.049750;0.000000
6.750;3.104206;0.247682;-0.999301;0.037378;0.000000
6.800;3.117965;0.275183;-0.999721;0.023625;0.000000
6.850;3.132594;0.292565;-0.999960;0.008999;0.000000
6.900;3.147553;0.299186;-0.999982;-0.005960;0.000000
6.950;3.162293;0.294801;-0.999786;-0.020699;0.000000
7.000;3.176272;0.279572;-0.999399;-0.034672;0.000000
7.050;3.188975;0.254062;-0.998878;-0.047364;0.000000
7.100;3.199935;0.219213;-0.998299;-0.058310;0.000000
7.150;3.208751;0.176312;-0.997746;-0.067108;0.000000
7.200;3.215098;0.126938;-0.997300;-0.073439;0.000000
7.250;3.218743;0.072905;-0.997025;-0.077074;0.000000
7.300;3.219553;0.016198;-0.996963;-0.077881;0.000000
7.350;3.217498;-0.041104;-0.997121;-0.075832;0.000000
7.400;3.212653;-0.096897;-0.997476;-0.071000;0.000000
7.450;3.205196;-0.149136;-0.997978;-0.063561;0.000000
7.500;3.195401;-0.195900;-0.998553;-0.053783;0.000000
7.550;3.183628;-0.235471;-0.999117;-0.042023;0.000000
7.600;3.170308;-0.266389;-0.999588;-0.028712;0.000000
7.650;3.155932;-0.287514;-0.999897;-0.014339;0.000000
7.700;3.141029;-0.298064;-1.000000;0.000563;0.000000
7.750;3.126147;-0.297649;-0.999881;0.015445;0.000000
7.800;3.111833;-0.286285;-0.999557;0.029756;0.000000
7.850;3.098613;-0.264393;-0.999076;0.042967;0.000000
7.900;3.086974;-0.232780;-0.998509;0.054592;0.000000
7.950;3.077343;-0.192614;-0.997937;0.064205;0.000000
8.000;3.070075;-0.145375;-0.997444;0.071457;0.000000
8.050;3.065434;-0.092801;-0.997101;0.076085;0.000000
8.100;3.063593;-0.036821;-0.996960;0.077920;0.000000
8.150;3.064619;0.020509;-0.997039;0.076898;0.000000
8.200;3.068473;0.077086;-0.997328;0.073054;0.000000
8.250;3.075015;0.130836;-0.997784;0.066529;0.000000
8.300;3.084004;0.179784;-0.998342;0.057557;0.000000
8.350;3.095111;0.222132;-0.998920;0.046465;0.000000
8.400;3.107927;0.256319;-0.999433;0.033660;0.000000
8.450;3.121981;0.281084;-0.999808;0.019611;0.000000
8.500;3.136756;0.295512;-0.999988;0.004836;0.000000
8.550;3.151710;0.299070;-0.999949;-0.010117;0.000000
8.600;3.166291;0.291627;-0.999695;-0.024696;0.000000
8.650;3.179964;0.273457;-0.999264;-0.038362;0.000000
8.700;3.192226;0.245232;-0.998718;-0.050611;0.000000
8.750;3.202625;0.207994;-0.998138;-0.060995;0.000000
8.800;3.210781;0.163117;-0.997607;-0.069133;0.000000
8.850;3.216394;0.112253;-0.997204;-0.074731;0.000000
8.900;3.219257;0.057269;-0.996986;-0.077587;0.000000
8.950;3.219266;0.000184;-0.996985;-0.077596;0.000000
9.000;3.216421;-0.056907;-0.997202;-0.074759;0.000000
9.050;3.210826;-0.111910;-0.997604;-0.069178;0.000000
9.100;3.202685;-0.162808;-0.998134;-0.061055;0.000000
9.150;3.192299;-0.207729;-0.998715;-0.050684;0.000000
9.200;3.180048;-0.245020;-0.999261;-0.038446;0.000000
9.250;3.166383;-0.273306;-0.999693;-0.024787;0.000000
9.300;3.151805;-0.291544;-0.999948;-0.010213;0.000000
9.350;3.136853;-0.299058;-0.999989;0.004740;0.000000
9.400;3.122074;-0.295570;-0.999810;0.019517;0.000000
9.450;3.108013;-0.281210;-0.999436;0.033573;0.000000
9.500;3.095188;-0.256509;-0.998923;0.046388;0.000000
9.550;3.084069;-0.222379;-0.998346;0.057492;0.000000
9.600;3.075065;-0.180079;-0.997788;0.066478;0.000000
9.650;3.068507;-0.131168;-0.997330;0.073021;0.000000
9.700;3.064635;-0.077443;-0.997040;0.076882;0.000000
9.750;3.063591;-0.020877;-0.996959;0.077923;0.000000
9.800;3.065413;0.036455;-0.997100;0.076105;0.000000
9.850;3.070036;0.092450;-0.997441;0.071496;0.000000
9.900;3.077289;0.145053;-0.997933;0.064260;0.000000
9.950;3.086905;0.192332;-0.998505;0.054660;0.000000
10.000;3.098533;0.232548;-0.999073;0.043047;0.000000
10.050;3.111744;0.264219;-0.999555;0.029845;0.000000
10.100;3.126052;0.286178;-0.999879;0.015540;0.000000
10.150;3.140933;0.297611;-1.000000;0.000660;0.000000
10.200;3.155838;0.298096;-0.999899;-0.014245;0.000000
10.250;3.170219;0.287616;-0.999590;-0.028622;0.000000
10.300;3.183546;0.266557;-0.999120;-0.041942;0.000000
10.350;3.195331;0.235699;-0.998556;-0.053713;0.000000
10.400;3.205140;0.196179;-0.997982;-0.063505;0.000000
10.450;3.212613;0.149455;-0.997479;-0.070961;0.000000
10.500;3.217475;0.097246;-0.997122;-0.075810;0.000000
10.550;3.219549;0.041469;-0.996963;-0.077877;0.000000
10.600;3.218757;-0.015829;-0.997024;-0.077088;0.000000
10.650;3.215130;-0.072547;-0.997297;-0.073471;0.000000
10.700;3.208800;-0.126603;-0.997742;-0.067157;0.000000
10.750;3.199999;-0.176014;-0.998295;-0.058373;0.000000
10.800;3.189051;-0.218962;-0.998874;-0.047441;0.000000
10.850;3.176358;-0.253867;-0.999396;-0.034758;0.000000
10.900;3.162386;-0.279440;-0.999784;-0.020792;0.000000
10.950;3.147649;-0.294737;-0.999982;-0.006056;0.000000
11.000;3.132689;-0.299193;-0.999960;0.008903;0.000000
11.050;3.118057;-0.292643;-0.999723;0.023533;0.000000
11.100;3.104291;-0.275328;-0.999304;0.037293;0.000000
11.150;3.091896;-0.247889;-0.998765;0.049676;0.000000
11.200;3.081329;-0.211340;-0.998185;0.060227;0.000000
11.250;3.072978;-0.167028;-0.997647;0.068561;0.000000
11.300;3.067149;-0.116585;-0.997230;0.074375;0.000000
11.350;3.064055;-0.061863;-0.996996;0.077460;0.000000
11.400;3.063812;-0.004872;-0.996977;0.077702;0.000000
11.450;3.066427;0.052297;-0.997176;0.075095;0.000000
11.500;3.071804;0.107549;-0.997566;0.069732;0.000000
11.550;3.079747;0.158854;-0.998088;0.061806;0.000000
11.600;3.089963;0.204328;-0.998667;0.051606;0.000000
11.650;3.102078;0.242297;-0.999219;0.039504;0.000000
11.700;3.115646;0.271363;-0.999663;0.025943;0.000000
11.750;3.130169;0.290451;-0.999935;0.011424;0.000000
11.800;3.145112;0.298856;-0.999994;-0.003519;0.000000
11.850;3.159925;0.296266;-0.999832;-0.018331;0.000000
11.900;3.174064;0.282779;-0.999473;-0.032465;0.000000
11.950;3.187008;0.258893;-0.998969;-0.045400;0.000000
12.000;3.198283;0.225490;-0.998394;-0.056660;0.000000
12.050;3.207473;0.183802;-0.997831;-0.065833;0.000000
12.100;3.214241;0.135366;-0.997362;-0.072585;0.000000
12.150;3.218340;0.081961;-0.997056;-0.076671;0.000000
12.200;3.219617;0.025550;-0.996958;-0.077945;0.000000
12.250;3.218027;-0.031798;-0.997080;-0.076360;0.000000
12.300;3.213628;-0.087980;-0.997407;-0.071973;0.000000
12.350;3.206581;-0.140934;-0.997889;-0.064943;0.000000
12.400;3.197146;-0.188716;-0.998457;-0.055524;0.000000
12.450;3.185667;-0.229568;-0.999029;-0.044060;0.000000
12.500;3.172568;-0.261985;-0.999520;-0.030970;0.000000
12.550;3.158329;-0.284772;-0.999860;-0.016736;0.000000
12.600;3.143475;-0.297085;-0.999998;-0.001882;0.000000
12.650;3.128552;-0.298470;-0.999915;0.013041;0.000000
12.700;3.114108;-0.288875;-0.999622;0.027481;0.000000
12.750;3.100675;-0.268656;-0.999163;0.040906;0.000000
12.800;3.088747;-0.238559;-0.998604;0.052821;0.000000
12.850;3.078762;-0.199696;-0.998027;0.062789;0.000000
12.900;3.071087;-0.153499;-0.997515;0.070447;0.000000
12.950;3.066004;-0.101668;-0.997145;0.075517;0.000000
13.000;3.063699;-0.046106;-0.996968;0.077815;0.000000
13.050;3.064256;0.011146;-0.997011;0.077260;0.000000
13.100;3.067656;0.067990;-0.997268;0.073870;0.000000
13.150;3.073772;0.122340;-0.997701;0.067768;0.000000
13.200;3.082382;0.172200;-0.998248;0.059176;0.000000
13.250;3.093169;0.215739;-0.998828;0.048404;0.000000
13.300;3.105737;0.251352;-0.999357;0.035848;0.000000
13.350;3.119623;0.277727;-0.999759;0.021968;0.000000
13.400;3.134318;0.293890;-0.999974;0.007275;0.000000
13.450;3.149280;0.299242;-0.999970;-0.007687;0.000000
13.500;3.163959;0.293586;-0.999750;-0.022365;0.000000
13.550;3.177816;0.277132;-0.999344;-0.036215;0.000000
13.600;3.190340;0.250486;-0.998812;-0.048728;0.000000
13.650;3.201072;0.214634;-0.998232;-0.059444;0.000000
13.700;3.209617;0.170898;-0.997687;-0.067972;0.000000
13.750;3.215661;0.120888;-0.997258;-0.074001;0.000000
13.800;3.218983;0.066442;-0.997007;-0.077313;0.000000
13.850;3.219461;0.009559;-0.996970;-0.077790;0.000000
13.900;3.217078;-0.047675;-0.997152;-0.075413;0.000000
13.950;3.211919;-0.103161;-0.997528;-0.070269;0.000000
14.000;3.204176;-0.154861;-0.998042;-0.062543;0.000000
14.050;3.194133;-0.200877;-0.998620;-0.052516;0.000000
14.100;3.182157;-0.239515;-0.999177;-0.040553;0.000000
14.150;3.168689;-0.269352;-0.999633;-0.027093;0.000000
14.200;3.154225;-0.289286;-0.999920;-0.012632;0.000000
14.250;3.139296;-0.298580;-0.999997;0.002297;0.000000
14.300;3.124451;-0.296890;-0.999853;0.017140;0.000000
14.350;3.110237;-0.284279;-0.999508;0.031350;0.000000
14.400;3.097177;-0.261213;-0.999014;0.044401;0.000000
14.450;3.085750;-0.228545;-0.998441;0.055814;0.000000
14.500;3.076375;-0.187480;-0.997874;0.065171;0.000000
14.550;3.069399;-0.139530;-0.997395;0.072131;0.000000
14.600;3.065076;-0.086460;-0.997074;0.076442;0.000000
14.650;3.063565;-0.030218;-0.996957;0.077948;0.000000
14.700;3.064922;0.027133;-0.997062;0.076596;0.000000
14.750;3.069096;0.083488;-0.997373;0.072433;0.000000
14.800;3.075935;0.136781;-0.997845;0.065610;0.000000
14.850;3.085188;0.185053;-0.998410;0.056375;0.000000
14.900;3.096514;0.226531;-0.998984;0.045063;0.000000
14.950;3.109499;0.259686;-0.999485;0.032088;0.000000
15.000;3.123663;0.283295;-0.999839;0.017928;0.000000
15.050;3.138488;0.296486;-0.999995;0.003105;0.000000
15.100;3.153426;0.298770;-0.999930;-0.011833;0.000000
15.150;3.167929;0.290064;-0.999653;-0.026334;0.000000
15.200;3.181464;0.270689;-0.999205;-0.039861;0.000000
15.250;3.193532;0.241361;-0.998651;-0.051916;0.000000
15.300;3.203690;0.203164;-0.998073;-0.062058;0.000000
15.350;3.211566;0.157505;-0.997553;-0.069916;0.000000
15.400;3.216869;0.106065;-0.997168;-0.075205;0.000000
15.450;3.219405;0.050732;-0.996974;-0.077734;0.000000
15.500;3.219082;-0.006460;-0.996999;-0.077412;0.000000
15.550;3.215911;-0.063416;-0.997240;-0.074250;0.000000
15.600;3.210009;-0.118046;-0.997661;-0.068363;0.000000
15.650;3.201592;-0.168344;-0.998201;-0.059963;0.000000
15.700;3.190969;-0.212462;-0.998781;-0.049356;0.000000
15.750;3.178530;-0.248776;-0.999318;-0.036929;0.000000
15.800;3.164733;-0.275947;-0.999732;-0.023138;0.000000
15.850;3.150084;-0.292971;-0.999964;-0.008491;0.000000
15.900;3.135123;-0.299218;-0.999979;0.006469;0.000000
15.950;3.120400;-0.294458;-0.999775;0.021191;0.000000
16.000;3.106457;-0.278867;-0.999383;0.035128;0.000000
16.050;3.093806;-0.253021;-0.998858;0.047769;0.000000
16.100;3.082912;-0.217876;-0.998279;0.058647;0.000000
16.150;3.074176;-0.174726;-0.997728;0.067366;0.000000
16.200;3.067918;-0.125162;-0.997287;0.073608;0.000000
16.250;3.064368;-0.071005;-0.997020;0.077148;0.000000
16.300;3.063655;-0.014243;-0.996964;0.077858;0.000000
16.350;3.065807;0.043042;-0.997130;0.075713;0.000000
16.400;3.070745;0.098747;-0.997491;0.070789;0.000000
16.450;3.078286;0.150830;-0.997997;0.063264;0.000000
16.500;3.088155;0.197377;-0.998573;0.053412;0.000000
16.550;3.099989;0.236674;-0.999135;0.041592;0.000000
16.600;3.113353;0.267276;-0.999601;0.028236;0.000000
16.650;3.127755;0.288050;-0.999904;0.013837;0.000000
16.700;3.142667;0.298231;-0.999999;-0.001074;0.000000
16.750;3.157539;0.297441;-0.999873;-0.015945;0.000000
16.800;3.171824;0.285709;-0.999543;-0.030227;0.000000
16.850;3.184998;0.263470;-0.999058;-0.043391;0.000000
16.900;3.196575;0.231544;-0.998489;-0.054955;0.000000
16.950;3.206131;0.191112;-0.997918;-0.064493;0.000000
17.000;3.213313;0.143661;-0.997429;-0.071659;0.000000
17.050;3.217860;0.090937;-0.997093;-0.076194;0.000000
17.100;3.219604;0.034878;-0.996959;-0.077933;0.000000
17.150;3.218481;-0.022461;-0.997046;-0.076813;0.000000
17.200;3.214532;-0.078976;-0.997341;-0.072875;0.000000
17.250;3.207903;-0.132594;-0.997802;-0.066261;0.000000
17.300;3.198835;-0.181346;-0.998362;-0.057212;0.000000
17.350;3.187663;-0.223439;-0.998939;-0.046055;0.000000
17.400;3.174797;-0.257324;-0.999449;-0.033199;0.000000
17.450;3.160710;-0.281750;-0.999817;-0.019116;0.000000
17.500;3.145919;-0.295814;-0.999991;-0.004326;0.000000
17.550;3.130969;-0.298997;-0.999944;0.010623;0.000000
17.600;3.116410;-0.291181;-0.999683;0.025180;0.000000
17.650;3.102777;-0.272655;-0.999247;0.038806;0.000000
17.700;3.090572;-0.244104;-0.998699;0.050998;0.000000
17.750;3.080243;-0.206582;-0.998119;0.061311;0.000000
17.800;3.072170;-0.161472;-0.997591;0.069367;0.000000
17.850;3.066648;-0.110435;-0.997193;0.074875;0.000000
17.900;3.063880;-0.055346;-0.996982;0.077634;0.000000
17.950;3.063969;0.001773;-0.996989;0.077546;0.000000
18.000;3.066911;0.058827;-0.997213;0.074613;0.000000
18.050;3.072597;0.113724;-0.997621;0.068941;0.000000
18.100;3.080819;0.164447;-0.998154;0.060736;0.000000
18.150;3.091276;0.209134;-0.998734;0.050296;0.000000
18.200;3.103583;0.246139;-0.999278;0.038001;0.000000
18.250;3.117288;0.274098;-0.999705;0.024303;0.000000
18.300;3.131886;0.291979;-0.999953;0.009706;0.000000
18.350;3.146843;0.299120;-0.999986;-0.005250;0.000000
18.400;3.161605;0.295258;-0.999800;-0.020011;0.000000
18.450;3.175632;0.280534;-0.999421;-0.034033;0.000000
18.500;3.188407;0.255495;-0.998904;-0.046797;0.000000
18.550;3.199460;0.221064;-0.998326;-0.057835;0.000000
18.600;3.208386;0.178512;-0.997770;-0.066743;0.000000
18.650;3.214856;0.129405;-0.997317;-0.073198;0.000000
18.700;3.218633;0.075550;-0.997034;-0.076964;0.000000
18.750;3.219580;0.018923;-0.996961;-0.077908;0.000000
18.800;3.217660;-0.038397;-0.997108;-0.075994;0.000000
18.850;3.212944;-0.094310;-0.997456;-0.071291;0.000000
18.900;3.205606;-0.146762;-0.997952;-0.063970;0.000000
18.950;3.195915;-0.193828;-0.998525;-0.054295;0.000000
19.000;3.184226;-0.233775;-0.999091;-0.042620;0.000000
19.050;3.170969;-0.265133;-0.999569;-0.029372;0.000000
19.100;3.156632;-0.286744;-0.999887;-0.015039;0.000000
19.150;3.141742;-0.297809;-1.000000;-0.000149;0.000000
19.200;3.126846;-0.297918;-0.999891;0.014746;0.000000
19.250;3.112492;-0.287069;-0.999577;0.029096;0.000000
19.300;3.099209;-0.265661;-0.999102;0.042371;0.000000
19.350;3.087485;-0.234487;-0.998537;0.054081;0.000000
19.400;3.077750;-0.194696;-0.997963;0.063799;0.000000
19.450;3.070362;-0.147756;-0.997464;0.071170;0.000000
19.500;3.065593;-0.095393;-0.997113;0.075927;0.000000
19.550;3.063616;-0.039529;-0.996961;0.077898;0.000000
19.600;3.064505;0.017784;-0.997030;0.077011;0.000000
19.650;3.068228;0.074445;-0.997310;0.073299;0.000000
19.700;3.074646;0.128375;-0.997760;0.066896;0.000000
19.750;3.083526;0.177594;-0.998315;0.058034;0.000000
19.800;3.094541;0.220292;-0.998893;0.047035;0.000000
19.850;3.107285;0.254898;-0.999412;0.034300;0.000000
19.900;3.121292;0.280135;-0.999794;0.020299;0.000000
19.950;3.136046;0.295070;-0.999985;0.005547;0.000000
20.000;3.151003;0.299151;-0.999956;-0.009410;0.000000
