0.000;6.188456;-0.066756;0.995517;-0.094588;0.000000
0.050;6.181638;-0.136349;0.994849;-0.101373;0.000000
0.100;6.171092;-0.210934;0.993724;-0.111859;0.000000
0.150;6.156430;-0.293234;0.991977;-0.126416;0.000000
0.200;6.137118;-0.386245;0.989351;-0.145549;0.000000
0.250;6.112451;-0.493332;0.985460;-0.169906;0.000000
0.300;6.081534;-0.618341;0.979737;-0.200287;0.000000
0.350;6.043249;-0.765702;0.971353;-0.237641;0.000000
0.400;5.996222;-0.940546;0.959108;-0.283041;0.000000
0.450;5.938782;-1.148794;0.941277;-0.337635;0.000000
0.500;5.868922;-1.397209;0.915413;-0.402516;0.000000
0.550;5.784254;-1.693360;0.878094;-0.478488;0.000000
0.600;5.681983;-2.045408;0.824656;-0.565634;0.000000
0.650;5.558949;-2.460682;0.749006;-0.662564;0.005936
0.700;5.411545;-2.948088;0.643572;-0.765386;0.000505
0.750;5.236031;-3.510269;0.500038;-0.866004;0.006343
0.800;5.028618;-4.148260;0.310985;-0.950415;-0.005523
0.850;4.786182;-4.848720;0.073726;-0.997279;-0.007950
0.900;4.507048;-5.582683;-0.203901;-0.978992;-0.001432
0.950;4.191868;-6.303600;-0.497332;-0.867560;-0.004165
1.000;3.844720;-6.942955;-0.762824;-0.646607;-0.006980
1.050;3.473817;-7.418070;-0.945319;-0.326146;0.004168
1.100;3.090924;-7.657853;-0.998717;0.050647;0.001201
1.150;2.709931;-7.619857;-0.908272;0.418380;0.004883
1.200;2.344396;-7.310717;-0.698715;0.715400;0.008776
1.250;2.005188;-6.784161;-0.420858;0.907126;0.001336
1.300;1.699341;-6.116924;-0.128191;0.991749;-0.001211
1.350;1.429928;-5.388261;0.140403;0.990094;-0.006777
1.400;1.196874;-4.661095;0.365270;0.930902;-0.008643
1.450;0.998096;-3.975549;0.541903;0.840441;0.004239
1.500;0.830271;-3.356501;0.674676;0.738114;0.004619
1.550;0.689525;-2.814916;0.771548;0.636171;-0.009880
1.600;0.572163;-2.347253;0.840732;0.541451;-0.002665
1.650;0.474687;-1.949511;0.889436;0.457060;-0.004208
1.700;0.394072;-1.612300;0.923353;0.383952;0.006195
1.750;0.327590;-1.329634;0.946820;0.321762;0.001159
1.800;0.272965;-1.092517;0.962976;0.269587;0.002531
1.850;0.228203;-0.895223;0.974074;0.226228;-0.007034
1.900;0.191717;-0.729723;0.981678;0.190545;-0.006312
1.950;0.162184;-0.590670;0.986877;0.161474;-0.007606
2.000;0.138597;-0.471726;0.990411;0.138154;0.000934
2.050;0.120064;-0.370674;0.992801;0.119775;-0.003969
2.100;0.105897;-0.283327;0.994398;0.105699;-0.005182
2.150;0.095594;-0.206069;0.995434;0.095448;-0.003401
2.200;0.088764;-0.136594;0.996063;0.088648;-0.005010
2.250;0.085155;-0.072187;0.996377;0.085052;-0.005433
2.300;0.084660;-0.009900;0.996418;0.084559;-0.001933
2.350;0.087220;0.051196;0.996199;0.087109;-0.007456
2.400;0.092965;0.114907;0.995682;0.092831;-0.002533
2.450;0.102069;0.182076;0.994796;0.101892;-0.007539
2.500;0.114924;0.257099;0.993404;0.114671;0.000370
2.550;0.132046;0.342454;0.991295;0.131663;0.006574
2.600;0.154057;0.440202;0.988157;0.153448;0.005847
2.650;0.181658;0.552031;0.983545;0.180661;-0.007134
2.700;0.215952;0.685875;0.976773;0.214277;0.006151
2.750;0.258128;0.843530;0.966869;0.255271;0.000000
2.800;0.309696;1.031345;0.952426;0.304769;0.000000
2.850;0.372475;1.255579;0.931430;0.363921;0.000000
2.900;0.448641;1.523334;0.901037;0.433742;0.000000
2.950;0.540764;1.842460;0.857315;0.514791;0.000000
3.000;0.651825;2.221217;0.794978;0.606638;0.000000
3.050;0.785203;2.667552;0.707245;0.706969;0.000000
3.100;0.944588;3.187704;0.586077;0.810255;0.000000
3.150;1.133780;3.783849;0.423238;0.906019;0.000000
3.200;1.356303;4.450452;0.212852;0.977084;0.000000
3.250;1.614770;5.169342;-0.043960;0.999033;0.000000
3.300;1.909989;5.904381;-0.332726;0.943024;0.000000
3.350;2.239900;6.598210;-0.620283;0.784378;0.000000
3.400;2.598665;7.175317;-0.856200;0.516644;0.000000
3.450;2.976437;7.555438;-0.986393;0.164406;0.000000
3.500;3.360257;7.676399;-0.976188;-0.216926;0.000000
3.550;3.736097;7.516796;-0.828426;-0.560098;0.000000
3.600;4.091332;7.104703;-0.581895;-0.813264;0.000000
3.650;4.416650;6.506344;-0.291447;-0.956587;0.000000
3.700;4.706776;5.802536;-0.005613;-0.999984;0.000000
3.750;4.960116;5.066797;0.245201;-0.969472;0.000000
3.800;5.177792;4.353508;0.448783;-0.893641;0.000000
3.850;5.362592;3.696012;0.605348;-0.795961;0.000000
3.900;5.518111;3.110384;0.721331;-0.692590;0.000000
3.950;5.648152;2.600810;0.805052;-0.593204;0.000000
4.000;5.756370;2.164360;0.864413;-0.502783;0.000000
4.050;5.846092;1.794437;0.905986;-0.423308;0.000000
4.100;5.920241;1.482988;0.934856;-0.355028;0.000000
4.150;5.981330;1.221776;0.954787;-0.297292;0.000000
4.200;6.031482;1.003043;0.968490;-0.249054;0.000000
4.250;6.072472;0.819802;0.977882;-0.209157;0.000000
4.300;6.105768;0.665914;0.984303;-0.176488;0.000000
4.350;6.132571;0.536063;0.988679;-0.150045;0.000000
4.400;6.153854;0.425667;0.991648;-0.128971;0.000000
4.450;6.170393;0.330777;0.993646;-0.112553;0.000000
4.500;6.182792;0.247966;0.994965;-0.100225;0.000000
4.550;6.191503;0.174226;0.995800;-0.091554;0.000000
4.600;6.196846;0.106865;0.996275;-0.086232;0.000000
4.650;6.199017;0.043420;0.996460;-0.084069;0.000000
4.700;6.198095;-0.018434;0.996382;-0.084987;0.000000
4.750;6.194047;-0.080963;0.996030;-0.089020;0.000000
4.800;6.186724;-0.146460;0.995351;-0.096312;0.000000
4.850;6.175858;-0.217321;0.994246;-0.107121;0.000000
4.900;6.161051;-0.296136;0.992551;-0.121831;0.000000
4.950;6.141763;-0.385773;0.990016;-0.140952;0.000000
5.000;6.117289;-0.489478;0.986271;-0.165137;0.000000
5.050;6.086740;-0.610977;0.980767;-0.195184;0.000000
5.100;6.049011;-0.754584;0.972706;-0.232040;0.000000
5.150;6.002745;-0.925307;0.960934;-0.276778;0.000000
5.200;5.946298;-1.128947;0.943788;-0.330551;0.000000
5.250;5.877691;-1.372150;0.918907;-0.394473;0.000000
5.300;5.794571;-1.662384;0.882984;-0.469402;0.000000
5.350;5.694184;-2.007746;0.831496;-0.555531;0.000000
5.400;5.573360;-2.416478;0.758476;-0.651701;0.000000
5.450;5.428562;-2.895967;0.656503;-0.754324;0.000000
5.500;5.256014;-3.450961;0.517242;-0.855839;0.000000
5.550;5.051982;-4.080645;0.333103;-0.942890;0.000000
5.600;4.813263;-4.774376;0.100703;-0.994917;0.000000
5.650;4.537943;-5.506386;-0.173562;-0.984823;0.000000
5.700;4.226395;-6.230970;-0.467088;-0.884211;0.000000
5.750;3.882319;-6.881528;-0.737979;-0.674824;0.000000
5.800;3.513417;-7.378030;-0.931666;-0.363316;0.000000
5.850;3.131150;-7.645339;-0.999945;0.010442;0.000000
5.900;2.749267;-7.637656;-0.924022;0.382338;0.000000
5.950;2.381450;-7.356351;-0.724738;0.689025;0.000000
6.000;2.038980;-6.849401;-0.451266;0.892390;0.000000
6.050;1.729338;-6.192825;-0.157879;0.987459;0.000000
6.100;1.456023;-5.466303;0.114521;0.993421;0.000000
6.150;1.219254;-4.735394;0.344347;0.938843;0.000000
6.200;1.017022;-4.044640;0.525901;0.850545;0.000000
6.250;0.846079;-3.418851;0.662924;0.748687;0.000000
6.300;0.702679;-2.868005;0.763114;0.646264;0.000000
6.350;0.583053;-2.392516;0.834786;0.550575;0.000000
6.400;0.483682;-1.987430;0.885289;0.465042;0.000000
6.450;0.401418;-1.645276;0.920508;0.390724;0.000000
6.500;0.333528;-1.357800;0.944893;0.327378;0.000000
6.550;0.277681;-1.116932;0.961694;0.274126;0.000000
6.600;0.231919;-0.915243;0.973227;0.229846;0.000000
6.650;0.194612;-0.746134;0.981123;0.193386;0.000000
6.700;0.164420;-0.603850;0.986513;0.163680;0.000000
6.750;0.140249;-0.483423;0.990181;0.139789;0.000000
6.800;0.121220;-0.380573;0.992662;0.120923;0.000000
6.850;0.106640;-0.291604;0.994319;0.106438;0.000000
6.900;0.095975;-0.213292;0.995398;0.095828;0.000000
6.950;0.088836;-0.142786;0.996057;0.088719;0.000000
7.000;0.084960;-0.077511;0.996393;0.084858;0.000000
7.050;0.084206;-0.015077;0.996457;0.084107;0.000000
7.100;0.086547;0.046805;0.996257;0.086439;0.000000
7.150;0.092067;0.110402;0.995765;0.091937;0.000000
7.200;0.100969;0.178045;0.994907;0.100798;0.000000
7.250;0.113579;0.252206;0.993557;0.113335;0.000000
7.300;0.130359;0.335593;0.991515;0.129990;0.000000
7.350;0.151921;0.431233;0.988482;0.151337;0.000000
7.400;0.179050;0.542579;0.984013;0.178095;0.000000
7.450;0.212730;0.673612;0.977458;0.211129;0.000000
7.500;0.254178;0.828951;0.967870;0.251450;0.000000
7.550;0.304876;1.013955;0.953884;0.300174;0.000000
7.600;0.366616;1.234808;0.933546;0.358458;0.000000
7.650;0.441543;1.498544;0.904093;0.427335;0.000000
7.700;0.532191;1.812956;0.861697;0.507423;0.000000
7.750;0.641506;2.186292;0.801196;0.598402;0.000000
7.800;0.772834;2.626567;0.715935;0.698167;0.000000
7.850;0.929846;3.140243;0.597957;0.801528;0.000000
7.900;1.116344;3.729967;0.438970;0.898502;0.000000
7.950;1.335896;4.391040;0.232746;0.972538;0.000000
8.000;1.591226;5.106584;-0.020428;0.999791;0.000000
8.050;1.883335;5.842181;-0.307475;0.951556;0.000000
8.100;2.210449;6.542288;-0.596917;0.802303;0.000000
8.150;2.567078;7.132583;-0.839456;0.543427;0.000000
8.200;2.943699;7.532409;-0.980483;0.196605;0.000000
8.250;3.327552;7.677062;-0.982759;-0.184889;0.000000
8.300;3.704603;7.541029;-0.845652;-0.533734;0.000000
8.350;4.062020;7.148334;-0.605480;-0.795860;0.000000
8.400;4.390159;6.562780;-0.316683;-0.948532;0.000000
8.450;4.683404;5.864898;-0.028981;-0.999580;0.000000
8.500;4.939877;5.129457;0.225531;-0.974236;0.000000
8.550;5.160510;4.412663;0.433273;-0.901263;0.000000
8.600;5.347988;3.749558;0.593659;-0.804716;0.000000
8.650;5.505862;3.157488;0.712793;-0.701374;0.000000
8.700;5.637935;2.641452;0.798949;-0.601399;0.000000
8.750;5.747883;2.198973;0.860115;-0.510101;0.000000
8.800;5.839067;1.823667;0.902990;-0.429662;0.000000
8.850;5.914444;1.507543;0.932782;-0.360442;0.000000
8.900;5.976561;1.242347;0.953358;-0.301842;0.000000
8.950;6.027574;1.020267;0.967509;-0.252836;0.000000
9.000;6.069287;0.834243;0.977211;-0.212271;0.000000
9.050;6.103190;0.678064;0.983845;-0.179025;0.000000
9.100;6.130507;0.546346;0.988367;-0.152086;0.000000
9.150;6.152230;0.434449;0.991438;-0.130582;0.000000
9.200;6.169148;0.338374;0.993505;-0.113790;0.000000
9.250;6.181881;0.254653;0.994873;-0.101131;0.000000
9.300;6.190893;0.180246;0.995744;-0.092161;0.000000
9.350;6.196515;0.112438;0.996247;-0.086562;0.000000
9.400;6.198953;0.048751;0.996455;-0.084133;0.000000
9.450;6.198295;-0.013150;0.996399;-0.084788;0.000000
9.500;6.194519;-0.075533;0.996072;-0.088551;0.000000
9.550;6.187484;-0.140684;0.995424;-0.095555;0.000000
9.600;6.176935;-0.210989;0.994361;-0.106051;0.000000
9.650;6.162484;-0.289016;0.992724;-0.120408;0.000000
9.700;6.143604;-0.377606;0.990274;-0.139129;0.000000
9.750;6.119605;-0.479970;0.986651;-0.162851;0.000000
9.800;6.089616;-0.599788;0.981324;-0.192363;0.000000
9.850;6.052550;-0.741319;0.973521;-0.228596;0.000000
9.900;6.007075;-0.909509;0.962123;-0.272616;0.000000
9.950;5.951570;-1.110086;0.945518;-0.325571;0.000000
10.000;5.884089;-1.349624;0.921413;-0.388586;0.000000
10.050;5.802313;-1.635526;0.886592;-0.462553;0.000000
10.100;5.703520;-1.975850;0.836646;-0.547744;0.000000
10.150;5.584578;-2.378852;0.765738;-0.643152;0.000000
10.200;5.441975;-2.852051;0.666561;-0.745450;0.000000
10.250;5.271949;-3.400517;0.530814;-0.847489;0.000000
10.300;5.070746;-4.024056;0.350736;-0.936474;0.000000
10.350;4.835093;-4.713068;0.122396;-0.992481;0.000000
10.400;4.562929;-5.443285;-0.148904;-0.988852;0.000000
10.450;4.254387;-6.170833;-0.442157;-0.896938;0.000000
10.500;3.912849;-6.830755;-0.717035;-0.697037;0.000000
10.550;3.545669;-7.343600;-0.919466;-0.393170;0.000000
10.600;3.164026;-7.632874;-0.999748;-0.022431;0.000000
10.650;2.781557;-7.649378;-0.935884;0.352308;0.000000
10.700;2.412048;-7.390168;-0.745478;0.666530;0.000000
10.750;2.067060;-6.899768;-0.476143;0.879368;0.000000
10.800;1.754421;-6.252773;-0.182595;0.983188;0.000000
10.850;1.477952;-5.529393;0.092711;0.995693;0.000000
10.900;1.238111;-4.796812;0.326582;0.945169;0.000000
10.950;1.033041;-4.101404;0.512210;0.858860;0.000000
11.000;0.859566;-3.469497;0.652766;0.757559;0.000000
11.050;0.713960;-2.912123;0.755775;0.654832;0.000000
11.100;0.592443;-2.430330;0.829579;0.558390;0.000000
11.150;0.491469;-2.019495;0.881641;0.471921;0.000000
11.200;0.407855;-1.672279;0.917974;0.396641;0.000000
11.250;0.338832;-1.380451;0.943143;0.332386;0.000000
11.300;0.282037;-1.135898;0.960490;0.278313;0.000000
11.350;0.235481;-0.931129;0.972402;0.233310;0.000000
11.400;0.197507;-0.759471;0.980559;0.196226;0.000000
11.450;0.166752;-0.615098;0.986129;0.165981;0.000000
11.500;0.142103;-0.492978;0.989920;0.141626;0.000000
11.550;0.122665;-0.388776;0.992486;0.122357;0.000000
11.600;0.107727;-0.298752;0.994203;0.107519;0.000000
11.650;0.096745;-0.219645;0.995324;0.096594;0.000000
11.700;0.089316;-0.148576;0.996014;0.089197;0.000000
11.750;0.085168;-0.082949;0.996375;0.085066;0.000000
11.800;0.084150;-0.020362;0.996461;0.084051;0.000000
11.850;0.086224;0.041478;0.996285;0.086117;0.000000
11.900;0.091466;0.104839;0.995820;0.091339;0.000000
11.950;0.100068;0.172042;0.994997;0.099901;0.000000
12.000;0.112346;0.245544;0.993696;0.112109;0.000000
12.050;0.128747;0.328029;0.991724;0.128392;0.000000
12.100;0.149872;0.422493;0.988790;0.149311;0.000000
12.150;0.176489;0.532348;0.984466;0.175574;0.000000
12.200;0.209565;0.661527;0.978121;0.208035;0.000000
12.250;0.250295;0.814588;0.968839;0.247690;0.000000
12.300;0.300136;0.996826;0.955296;0.295650;0.000000
12.350;0.360854;1.214351;0.935596;0.353073;0.000000
12.400;0.434560;1.474124;0.907055;0.421011;0.000000
12.450;0.523754;1.783883;0.865948;0.500134;0.000000
12.500;0.631347;2.151857;0.807233;0.590232;0.000000
12.550;0.760653;2.586121;0.724386;0.689394;0.000000
12.600;0.915320;3.093343;0.609537;0.792758;0.000000
12.650;1.099151;3.676614;0.454353;0.890822;0.000000
12.700;1.315753;4.332036;0.252288;0.967652;0.000000
12.750;1.567952;5.043986;0.002845;0.999996;0.000000
12.800;1.856938;5.779733;-0.282253;0.959340;0.000000
12.850;2.181217;6.485568;-0.573212;0.819407;0.000000
12.900;2.535639;7.088446;-0.821959;0.569546;0.000000
12.950;2.911014;7.507490;-0.973534;0.228541;0.000000
13.000;3.294796;7.675639;-0.988287;-0.152604;0.000000
13.050;3.672963;7.563361;-0.862113;-0.506716;0.000000
13.100;4.032491;7.190545;-0.628714;-0.777637;0.000000
13.150;4.363411;6.618398;-0.341938;-0.939723;0.000000
13.200;4.659761;5.926997;-0.052604;-0.998615;0.000000
13.250;4.919374;5.192266;0.205510;-0.978655;0.000000
13.300;5.142985;4.472220;0.417412;-0.908717;0.000000
13.350;5.333166;3.803632;0.581668;-0.813426;0.000000
13.400;5.493424;3.205153;0.704015;-0.710185;0.000000
13.450;5.627556;2.682635;0.792664;-0.609658;0.000000
13.500;5.739260;2.234079;0.855684;-0.517499;0.000000
13.550;5.831926;1.853329;0.899899;-0.436099;0.000000
13.600;5.908550;1.532469;0.930641;-0.365933;0.000000
13.650;5.971711;1.263234;0.951883;-0.306462;0.000000
13.700;6.023599;1.037754;0.966496;-0.256681;0.000000
13.750;6.066044;0.848901;0.976517;-0.215439;0.000000
13.800;6.100564;0.690392;0.983371;-0.181608;0.000000
13.850;6.128403;0.556774;0.988045;-0.154166;0.000000
13.900;6.150570;0.443347;0.991219;-0.132227;0.000000
13.950;6.167873;0.346061;0.993359;-0.115057;0.000000
14.000;6.180943;0.261408;0.994778;-0.102064;0.000000
14.050;6.190259;0.186314;0.995685;-0.092793;0.000000
14.100;6.196161;0.118042;0.996216;-0.086914;0.000000
14.150;6.198866;0.054095;0.996447;-0.084220;0.000000
14.200;6.198472;-0.007870;0.996414;-0.084612;0.000000
14.250;6.194966;-0.070123;0.996111;-0.088105;0.000000
14.300;6.188219;-0.134946;0.995494;-0.094824;0.000000
14.350;6.177983;-0.204713;0.994471;-0.105008;0.000000
14.400;6.163885;-0.281973;0.992892;-0.119018;0.000000
14.450;6.145408;-0.369540;0.990524;-0.137342;0.000000
14.500;6.121878;-0.470590;0.987018;-0.160609;0.000000
14.550;6.092440;-0.588758;0.981863;-0.189591;0.000000
14.600;6.056028;-0.728249;0.974310;-0.225209;0.000000
14.650;6.011330;-0.893946;0.963274;-0.268519;0.000000
14.700;5.956755;-1.091509;0.947193;-0.320664;0.000000
14.750;5.890383;-1.327438;0.923840;-0.382779;0.000000
14.800;5.809930;-1.609067;0.890089;-0.455786;0.000000
14.850;5.712709;-1.944412;0.841644;-0.540033;0.000000
14.900;5.595622;-2.341741;0.772795;-0.634656;0.000000
14.950;5.455188;-2.808689;0.676352;-0.736579;0.000000
15.000;5.287656;-3.350627;0.544059;-0.839047;0.000000
15.050;5.089258;-3.967956;0.368011;-0.929821;0.000000
15.100;4.856655;-4.652072;0.143766;-0.989612;0.000000
15.150;4.587646;-5.380178;-0.124420;-0.992230;0.000000
15.200;4.282135;-6.110212;-0.417101;-0.908860;0.000000
15.250;3.943190;-6.778905;-0.695560;-0.718468;0.000000
15.300;3.577814;-7.307518;-0.906355;-0.422518;0.000000
15.350;3.196895;-7.618386;-0.998471;-0.055274;0.000000
15.400;2.813942;-7.659054;-0.946801;0.321819;0.000000
15.450;2.442828;-7.422275;-0.765638;0.643272;0.000000
15.500;2.095379;-6.948987;-0.500852;0.865533;0.000000
15.550;1.779770;-6.312171;-0.207456;0.978244;0.000000
15.600;1.500149;-5.592429;0.070589;0.997506;0.000000
15.650;1.257223;-4.858514;0.308459;0.951237;0.000000
15.700;1.049291;-4.158641;0.498186;0.867070;0.000000
15.750;0.873257;-3.520694;0.642334;0.766425;0.000000
15.800;0.725417;-2.956797;0.748223;0.663447;0.000000
15.850;0.601984;-2.468665;0.824214;0.566278;0.000000
15.900;0.499382;-2.052026;0.877879;0.478883;0.000000
15.950;0.414398;-1.699687;0.915359;0.402639;0.000000
16.000;0.344226;-1.403446;0.941337;0.337468;0.000000
16.050;0.286468;-1.155154;0.959248;0.282566;0.000000
16.100;0.239105;-0.947256;0.971550;0.236833;0.000000
16.150;0.200455;-0.773006;0.979976;0.199115;0.000000
16.200;0.169129;-0.626507;0.985732;0.168324;0.000000
16.250;0.143996;-0.502663;0.989650;0.143499;0.000000
16.300;0.124142;-0.397083;0.992304;0.123823;0.000000
16.350;0.108843;-0.305980;0.994082;0.108628;0.000000
16.400;0.097540;-0.226057;0.995247;0.097386;0.000000
16.450;0.089820;-0.154406;0.995969;0.089699;0.000000
16.500;0.085399;-0.088409;0.996356;0.085296;0.000000
16.550;0.084117;-0.025653;0.996464;0.084018;0.000000
16.600;0.085925;0.036163;0.996311;0.085819;0.000000
16.650;0.090890;0.099304;0.995872;0.090765;0.000000
16.700;0.099194;0.166085;0.995084;0.099032;0.000000
16.750;0.111142;0.238947;0.993830;0.110913;0.000000
16.800;0.127169;0.320551;0.991925;0.126827;0.000000
16.850;0.147862;0.413864;0.989088;0.147324;0.000000
16.900;0.173975;0.522258;0.984904;0.173099;0.000000
16.950;0.206456;0.649616;0.978764;0.204993;0.000000
17.000;0.246478;0.800439;0.969778;0.243990;0.000000
17.050;0.295476;0.979955;0.956664;0.291195;0.000000
17.100;0.355186;1.194202;0.937582;0.347765;0.000000
17.150;0.427689;1.450069;0.909927;0.414769;0.000000
17.200;0.515451;1.755236;0.870070;0.492927;0.000000
17.250;0.621347;2.117908;0.813095;0.582131;0.000000
17.300;0.748657;2.546210;0.732604;0.680656;0.000000
17.350;0.901007;3.047002;0.620821;0.783953;0.000000
17.400;1.082197;3.623796;0.469390;0.882991;0.000000
17.450;1.295870;4.273456;0.271476;0.962445;0.000000
17.500;1.544949;4.981575;0.025845;0.999666;0.000000
17.550;1.830803;5.717080;-0.257087;0.966388;0.000000
17.600;2.152208;6.428100;-0.549204;0.835688;0.000000
17.650;2.504355;7.042957;-0.803743;0.594977;0.000000
17.700;2.878391;7.480712;-0.965562;0.260173;0.000000
17.750;3.261998;7.672134;-0.992760;-0.120114;0.000000
17.800;3.641186;7.583760;-0.877778;-0.479068;0.000000
17.850;4.002750;7.231286;-0.651560;-0.758597;0.000000
17.900;4.336407;6.673148;-0.367186;-0.930148;0.000000
17.950;4.635847;5.988792;-0.076467;-0.997072;0.000000
18.000;4.898607;5.255196;0.185143;-0.982711;0.000000
18.050;5.125215;4.532166;0.401200;-0.915991;0.000000
18.100;5.318126;3.858226;0.569368;-0.822082;0.000000
18.150;5.480795;3.253379;0.694990;-0.719019;0.000000
18.200;5.617013;2.724360;0.786193;-0.617981;0.000000
18.250;5.730497;2.269681;0.851116;-0.524977;0.000000
18.300;5.824669;1.883429;0.896710;-0.442618;0.000000
18.350;5.902557;1.557773;0.928432;-0.371503;0.000000
18.400;5.966779;1.284439;0.950360;-0.311153;0.000000
18.450;6.019555;1.055508;0.965450;-0.260587;0.000000
18.500;6.062744;0.863781;0.975801;-0.218660;0.000000
18.550;6.097889;0.702902;0.982882;-0.184238;0.000000
18.600;6.126256;0.567349;0.987712;-0.156285;0.000000
18.650;6.148875;0.452362;0.990994;-0.133907;0.000000
18.700;6.166567;0.353840;0.993208;-0.116355;0.000000
18.750;6.179978;0.268232;0.994679;-0.103024;0.000000
18.800;6.189600;0.192432;0.995624;-0.093449;0.000000
18.850;6.195784;0.123677;0.996183;-0.087290;0.000000
18.900;6.198756;0.059453;0.996438;-0.084329;0.000000
18.950;6.198627;-0.002592;0.996427;-0.084458;0.000000
19.000;6.195390;-0.064732;0.996148;-0.087682;0.000000
19.050;6.188928;-0.129244;0.995561;-0.094118;0.000000
19.100;6.179003;-0.198492;0.994578;-0.103994;0.000000
19.150;6.165253;-0.275005;0.993054;-0.117659;0.000000
19.200;6.147174;-0.361573;0.990765;-0.135592;0.000000
19.250;6.124108;-0.461334;0.987374;-0.158408;0.000000
19.300;6.095214;-0.577883;0.982385;-0.186867;0.000000
19.350;6.059445;-0.715370;0.975074;-0.221878;0.000000
19.400;6.015514;-0.878617;0.964390;-0.264486;0.000000
19.450;5.961854;-1.073212;0.948816;-0.315830;0.000000
19.500;5.896574;-1.305585;0.926192;-0.377052;0.000000
19.550;5.817424;-1.583000;0.893480;-0.449103;0.000000
19.600;5.721753;-1.913428;0.846493;-0.532399;0.000000
19.650;5.606496;-2.305140;0.779650;-0.626215;0.000000
19.700;5.468202;-2.765878;0.685881;-0.727714;0.000000
19.750;5.303137;-3.301294;0.556983;-0.830524;0.000000
19.800;5.107520;-3.912352;0.384929;-0.922946;0.000000
19.850;4.877949;-4.591410;0.164805;-0.986326;0.000000
19.900;4.612094;-5.317099;-0.100127;-0.994975;0.000000
19.950;4.309637;-6.049152;-0.391952;-0.919986;0.000000
20.000;3.973335;-6.726031;-0.673589;-0.739106;0.000000
