0.000;4.624088;-0.742761;-0.088186;-0.996104;0.000377
0.050;4.550358;-1.474602;-0.161323;-0.986902;0.006952
0.100;4.440317;-2.200819;-0.268728;-0.963216;-0.000692
0.150;4.294824;-2.909859;-0.405536;-0.914079;-0.002359
0.200;4.115739;-3.581699;-0.561874;-0.827223;0.004622
0.250;3.906288;-4.189029;-0.721593;-0.692317;0.008662
0.300;3.671317;-4.699417;-0.862946;-0.505295;-0.006770
0.350;3.417825;-5.069835;-0.962090;-0.272733;0.009017
0.400;3.154330;-5.269903;-0.999919;-0.012737;0.003975
0.450;2.890307;-5.280451;-0.968594;0.248649;-0.007847
0.500;2.635448;-5.097192;-0.874620;0.484809;0.002103
0.550;2.398486;-4.739246;-0.736370;0.676579;0.008320
0.600;2.186464;-4.240432;-0.577504;0.816388;0.006804
0.650;2.004446;-3.640360;-0.420186;0.907438;-0.003901
0.700;1.855845;-2.972018;-0.281204;0.959648;0.004625
0.750;1.742550;-2.265893;-0.170911;0.985286;0.000426
0.800;1.665519;-1.540624;-0.094581;0.995517;0.002303
0.850;1.625114;-0.808107;-0.054291;0.998525;0.000432
0.900;1.621409;-0.074097;-0.050591;0.998719;-0.004366
0.950;1.654438;0.660574;-0.083544;0.996504;-0.000911
1.000;1.724175;1.394753;-0.152778;0.988260;0.006671
1.050;1.830241;2.121314;-0.256544;0.966533;-0.003676
1.100;1.971899;2.833160;-0.390434;0.920631;0.004797
1.150;2.147434;3.510695;-0.545208;0.838301;0.001205
1.200;2.353875;4.128819;-0.705465;0.708745;0.008961
1.250;2.586370;4.649916;-0.849783;0.527132;-0.002413
1.300;2.838244;5.037469;-0.954342;0.298718;-0.001897
1.350;3.101035;5.255829;-0.999178;0.040546;-0.009472
1.400;3.365388;5.287062;-0.975062;-0.221932;0.009338
1.450;3.621547;5.123158;-0.887016;-0.461738;-0.004111
1.500;3.860678;4.782627;-0.752409;-0.658697;-0.005382
1.550;4.075556;4.297562;-0.594652;-0.803983;-0.002865
1.600;4.260829;3.705456;-0.436370;-0.899767;-0.003837
1.650;4.413069;3.044798;-0.294871;-0.955537;0.008976
1.700;4.530090;2.340419;-0.181291;-0.983429;-0.008953
1.750;4.610878;1.615761;-0.101337;-0.994852;-0.007328
1.800;4.655092;0.884286;-0.057266;-0.998359;0.003251
1.850;4.662625;0.150656;-0.049744;-0.998762;0.006085
1.900;4.633463;-0.583226;-0.078844;-0.996887;0.006381
1.950;4.567702;-1.315236;-0.144183;-0.989551;0.009662
2.000;4.465602;-2.041995;-0.244290;-0.969702;0.008687
2.050;4.327896;-2.754119;-0.375089;-0.926989;0.008899
2.100;4.156051;-3.436893;-0.528080;-0.849195;-0.004953
2.150;3.952927;-4.062488;-0.688531;-0.725206;-0.005328
2.200;3.723092;-4.596704;-0.835640;-0.549277;-0.004301
2.250;3.473019;-5.001452;-0.945579;-0.325392;-0.004119
2.300;3.210968;-5.241024;-0.997594;-0.069320;-0.001098
2.350;2.946391;-5.291530;-0.981009;0.193964;0.003310
2.400;2.688888;-5.150075;-0.899267;0.437400;-0.008366
2.450;2.447421;-4.829341;-0.768584;0.639749;-0.007214
2.500;2.229430;-4.359803;-0.612037;0.790829;-0.007720
2.550;2.040599;-3.776623;-0.452711;0.891658;0.008851
2.600;1.884568;-3.120616;-0.308649;0.951176;-0.000200
2.650;1.763584;-2.419681;-0.191596;0.981474;0.007379
2.700;1.678763;-1.696429;-0.107757;0.994177;0.007551
2.750;1.630515;-0.964963;-0.059683;0.998217;0.000000
2.800;1.618989;-0.230525;-0.048174;0.998839;0.000000
2.850;1.644207;0.504371;-0.073345;0.997307;0.000000
2.900;1.706114;1.238139;-0.134905;0.990858;0.000000
2.950;1.804472;1.967163;-0.231555;0.972822;0.000000
3.000;1.938618;2.682917;-0.359584;0.933113;0.000000
3.050;2.107091;3.369455;-0.510954;0.859608;0.000000
3.100;2.307186;4.001911;-0.671618;0.740898;0.000000
3.150;2.534538;4.547027;-0.821332;0.570451;0.000000
3.200;2.782875;4.966736;-0.936348;0.351074;0.000000
3.250;3.044127;5.225039;-0.995254;0.097312;0.000000
3.300;3.308958;5.296637;-0.986027;-0.166585;0.000000
3.350;3.567662;5.174071;-0.910597;-0.413295;0.000000
3.400;3.811161;4.869990;-0.784089;-0.620648;0.000000
3.450;4.031829;4.413348;-0.629229;-0.777220;0.000000
3.500;4.223904;3.841508;-0.469288;-0.883045;0.000000
3.550;4.383495;3.191808;-0.322997;-0.946400;0.000000
3.600;4.508269;2.495494;-0.202705;-0.979240;0.000000
3.650;4.597020;1.775019;-0.115113;-0.993352;0.000000
3.700;4.649228;1.044160;-0.063119;-0.998006;0.000000
3.750;4.664722;0.309877;-0.047649;-0.998864;0.000000
3.800;4.643470;-0.425038;-0.068864;-0.997626;0.000000
3.850;4.585518;-1.159041;-0.126531;-0.991963;0.000000
3.900;4.491074;-1.888878;-0.219513;-0.975610;0.000000
3.950;4.360740;-2.606683;-0.344446;-0.938806;0.000000
4.000;4.195870;-3.297409;-0.493857;-0.869543;0.000000
4.050;3.999011;-3.937176;-0.654392;-0.756156;0.000000
4.100;3.774335;-4.493517;-0.806409;-0.591358;0.000000
4.150;3.527905;-4.928609;-0.926305;-0.376775;0.000000
4.200;3.267613;-5.205821;-0.992070;-0.125688;0.000000
4.250;3.002699;-5.298295;-0.990370;0.138448;0.000000
4.300;2.742877;-5.196433;-0.921560;0.388235;0.000000
4.350;2.497338;-4.910789;-0.799547;0.600603;0.000000
4.400;2.273893;-4.468895;-0.646583;0.762844;0.000000
4.450;2.078511;-3.907633;-0.486182;0.873858;0.000000
4.500;1.915277;-3.264692;-0.337708;0.941251;0.000000
4.550;1.786668;-2.572166;-0.214199;0.976790;0.000000
4.600;1.693994;-1.853493;-0.122886;0.992421;0.000000
4.650;1.637828;-1.123320;-0.066981;0.997754;0.000000
4.700;1.618367;-0.389222;-0.047552;0.998869;0.000000
4.750;1.635651;0.345696;-0.064810;0.997898;0.000000
4.800;1.689646;1.079899;-0.118570;0.992946;0.000000
4.850;1.780169;1.810459;-0.207847;0.978161;0.000000
4.900;1.906676;2.530141;-0.329600;0.944121;0.000000
4.950;2.067915;3.224778;-0.476895;0.878960;0.000000
5.000;2.261489;3.871473;-0.637071;0.770805;0.000000
5.050;2.483418;4.438592;-0.791110;0.611673;0.000000
5.100;2.727850;4.888631;-0.915623;0.402039;0.000000
5.150;2.987072;5.184432;-0.988085;0.153907;0.000000
5.200;3.251955;5.297668;-0.993916;-0.110138;0.000000
5.250;3.512787;5.216634;-0.931895;-0.362728;0.000000
5.300;3.760274;4.949757;-0.814644;-0.579962;0.000000
5.350;3.986427;4.523050;-0.663855;-0.747861;0.000000
5.400;4.185067;3.972811;-0.503220;-0.864158;0.000000
5.450;4.351918;3.337007;-0.352715;-0.935731;0.000000
5.500;4.484345;2.648543;-0.226073;-0.974110;0.000000
5.550;4.580937;1.931841;-0.131074;-0.991373;0.000000
5.600;4.641059;1.202438;-0.071270;-0.997457;0.000000
5.650;4.664487;0.468559;-0.047884;-0.998853;0.000000
5.700;4.651170;-0.266347;-0.061181;-0.998127;0.000000
5.750;4.601134;-1.000718;-0.111026;-0.993818;0.000000
5.800;4.514538;-1.731920;-0.196563;-0.980491;0.000000
5.850;4.391872;-2.453316;-0.315057;-0.949073;0.000000
5.900;4.234292;-3.151596;-0.460090;-0.887872;0.000000
5.950;4.044050;-3.804848;-0.619683;-0.784852;0.000000
6.000;3.824935;-4.382303;-0.775467;-0.631388;0.000000
6.050;3.582592;-4.846847;-0.904325;-0.426844;0.000000
6.100;3.324547;-5.160897;-0.983310;-0.181936;0.000000
6.150;3.059809;-5.294756;-0.996658;0.081692;0.000000
6.200;2.798077;-5.234651;-0.941576;0.336799;0.000000
6.250;2.548734;-4.986851;-0.829347;0.558734;0.000000
6.300;2.319946;-4.575763;-0.681017;0.732268;0.000000
6.350;2.118097;-4.036996;-0.520384;0.853933;0.000000
6.400;1.947661;-3.408715;-0.368007;0.929823;0.000000
6.450;1.811431;-2.724598;-0.238319;0.971187;0.000000
6.500;1.710928;-2.010047;-0.139674;0.990198;0.000000
6.550;1.646853;-1.281510;-0.075983;0.997109;0.000000
6.600;1.619459;-0.547887;-0.048643;0.998816;0.000000
6.650;1.628808;0.186992;-0.057979;0.998318;0.000000
6.700;1.674883;0.921505;-0.103899;0.994588;0.000000
6.750;1.757547;1.653273;-0.185667;0.982613;0.000000
6.800;1.876359;2.376230;-0.300829;0.953678;0.000000
6.850;2.030254;3.077899;-0.443462;0.896293;0.000000
6.900;2.217121;3.737346;-0.602256;0.798303;0.000000
6.950;2.433356;4.324697;-0.759510;0.650496;0.000000
7.000;2.673521;4.803300;-0.892440;0.451166;0.000000
7.050;2.930283;5.135246;-0.977757;0.209741;0.000000
7.100;3.194761;5.289562;-0.998587;-0.053143;0.000000
7.150;3.457284;5.250462;-0.950582;-0.310474;0.000000
7.200;3.708386;5.022031;-0.843627;-0.536929;0.000000
7.250;3.939735;4.626985;-0.698038;-0.716061;0.000000
7.300;4.144742;4.100143;-0.537649;-0.843168;0.000000
7.350;4.318731;3.479782;-0.383569;-0.923512;0.000000
7.400;4.458747;2.800308;-0.250931;-0.968005;0.000000
7.450;4.563152;2.088098;-0.148684;-0.988885;0.000000
7.500;4.631178;1.360526;-0.081122;-0.996704;0.000000
7.550;4.662538;0.627201;-0.049830;-0.998758;0.000000
7.600;4.657156;-0.107635;-0.055205;-0.998475;0.000000
7.650;4.615043;-0.842263;-0.097192;-0.995266;0.000000
7.700;4.536317;-1.574529;-0.175164;-0.984539;0.000000
7.750;4.421371;-2.298904;-0.286927;-0.957952;0.000000
7.800;4.271185;-3.003718;-0.427028;-0.904238;0.000000
7.850;4.087735;-3.669011;-0.584817;-0.811166;0.000000
7.900;3.874444;-4.265826;-0.743270;-0.668991;0.000000
7.950;3.636542;-4.758037;-0.879993;-0.474987;0.000000
8.000;3.381167;-5.107508;-0.971439;-0.237289;0.000000
8.050;3.117062;-5.282094;-0.999699;0.024528;0.000000
8.100;2.853859;-5.264047;-0.958890;0.283779;0.000000
8.150;2.601097;-5.055256;-0.857454;0.514561;0.000000
8.200;2.367263;-4.676667;-0.714890;0.699237;0.000000
8.250;2.159153;-4.162204;-0.554995;0.831854;0.000000
8.300;1.981645;-3.550167;-0.399387;0.916782;0.000000
8.350;1.837862;-2.875645;-0.263903;0.964549;0.000000
8.400;1.729564;-2.165978;-0.158101;0.987423;0.000000
8.450;1.657590;-1.439481;-0.086684;0.996236;0.000000
8.500;1.622265;-0.706501;-0.051445;0.998676;0.000000
8.550;1.623678;0.028275;-0.052857;0.998602;0.000000
8.600;1.661828;0.762996;-0.090906;0.995859;0.000000
8.650;1.736613;1.495700;-0.165058;0.986284;0.000000
8.700;1.847681;2.221359;-0.273360;0.961912;0.000000
8.750;1.994135;2.929085;-0.410807;0.911722;0.000000
8.800;2.174129;3.599885;-0.567390;0.823449;0.000000
8.850;2.384416;4.205737;-0.726778;0.686872;0.000000
8.900;2.619972;4.711103;-0.867013;0.498286;0.000000
8.950;2.873857;5.077718;-0.964373;0.264548;0.000000
9.000;3.137475;5.272359;-0.999992;0.004117;0.000000
9.050;3.401245;5.275388;-0.966479;-0.256744;0.000000
9.100;3.655569;5.086489;-0.870796;-0.491644;0.000000
9.150;3.891807;4.724761;-0.731543;-0.681796;0.000000
9.200;4.102964;4.223130;-0.572396;-0.819977;0.000000
9.250;4.283955;3.619832;-0.415447;-0.909618;0.000000
9.300;4.431484;2.950581;-0.277225;-0.960805;0.000000
9.350;4.543668;2.243669;-0.167922;-0.985800;0.000000
9.400;4.619586;1.518366;-0.092670;-0.995697;0.000000
9.450;4.658875;0.785782;-0.053488;-0.998568;0.000000
9.500;4.661429;0.051085;-0.050937;-0.998702;0.000000
9.550;4.627244;-0.683710;-0.085042;-0.996377;0.000000
9.600;4.556404;-1.416794;-0.155353;-0.987859;0.000000
9.650;4.449224;-2.143611;-0.260138;-0.965571;0.000000
9.700;4.306522;-2.854031;-0.394815;-0.918761;0.000000
9.750;4.130022;-3.530009;-0.550002;-0.835163;0.000000
9.800;3.922798;-4.144480;-0.710065;-0.704136;0.000000
9.850;3.689670;-4.662548;-0.853528;-0.521047;0.000000
9.900;3.437375;-5.045908;-0.956574;-0.291488;0.000000
9.950;3.174357;-5.260371;-0.999463;-0.032758;0.000000
10.000;2.910133;-5.284472;-0.973333;0.229399;0.000000
10.050;2.654348;-5.115693;-0.883626;0.468193;0.000000
10.100;2.415787;-4.771220;-0.747965;0.663738;0.000000
10.150;2.201643;-4.282874;-0.589829;0.807528;0.000000
10.200;2.017207;-3.688735;-0.431730;0.902003;0.000000
10.250;1.865952;-3.025087;-0.290889;0.956757;0.000000
10.300;1.749895;-2.321153;-0.178142;0.984005;0.000000
10.350;1.670036;-1.597172;-0.099077;0.995080;0.000000
10.400;1.626784;-0.865042;-0.055958;0.998433;0.000000
10.450;1.620262;-0.130445;-0.049445;0.998777;0.000000
10.500;1.650482;0.604405;-0.079601;0.996827;0.000000
10.550;1.717373;1.337821;-0.146052;0.989277;0.000000
10.600;1.820657;2.065681;-0.247269;0.968947;0.000000
10.650;1.959586;2.778584;-0.379069;0.925368;0.000000
10.700;2.132557;3.459424;-0.532678;0.846318;0.000000
10.750;2.336663;4.082102;-0.693162;0.720782;0.000000
10.800;2.567284;4.612418;-0.839568;0.543255;0.000000
10.850;2.817889;5.012117;-0.948064;0.318080;0.000000
10.900;3.080197;5.246145;-0.998116;0.061357;0.000000
10.950;3.344761;5.291288;-0.979432;-0.201774;0.000000
11.000;3.601903;5.142834;-0.895915;-0.444226;0.000000
11.050;3.842702;4.815994;-0.764127;-0.645066;0.000000
11.100;4.059772;4.341387;-0.607268;-0.794497;0.000000
11.150;4.247613;3.756836;-0.448222;-0.893922;0.000000
11.200;4.402570;3.099132;-0.304886;-0.952389;0.000000
11.250;4.522491;2.398412;-0.188759;-0.982023;0.000000
11.300;4.606285;1.675888;-0.105905;-0.994376;0.000000
11.350;4.653499;0.944276;-0.058856;-0.998266;0.000000
11.400;4.663989;0.209802;-0.048381;-0.998829;0.000000
11.450;4.637735;-0.525087;-0.074585;-0.997215;0.000000
11.500;4.574795;-1.258788;-0.137160;-0.990549;0.000000
11.550;4.475416;-1.987584;-0.234761;-0.972053;0.000000
11.600;4.340278;-2.702772;-0.363583;-0.931562;0.000000
11.650;4.170869;-3.388169;-0.515439;-0.856926;0.000000
11.700;3.969937;-4.018652;-0.676097;-0.736813;0.000000
11.750;3.741898;-4.560762;-0.825163;-0.564895;0.000000
11.800;3.493079;-4.976383;-0.938862;-0.344294;0.000000
11.850;3.231594;-5.229698;-0.995953;-0.089880;0.000000
11.900;2.966803;-5.295827;-0.984763;0.173901;0.000000
11.950;2.708409;-5.167880;-0.907634;0.419762;0.000000
12.000;2.465457;-4.859039;-0.779997;0.625783;0.000000
12.050;2.245526;-4.398619;-0.624686;0.780876;0.000000
12.100;2.054322;-3.824090;-0.464903;0.885361;0.000000
12.150;1.895687;-3.172685;-0.319206;0.947685;0.000000
12.200;1.771916;-2.475425;-0.199767;0.979843;0.000000
12.250;1.684191;-1.754506;-0.113152;0.993578;0.000000
12.300;1.633017;-1.023481;-0.062180;0.998065;0.000000
12.350;1.618559;-0.289154;-0.047745;0.998860;0.000000
12.400;1.640847;0.445756;-0.069993;0.997547;0.000000
12.450;1.699832;1.179702;-0.128678;0.991686;0.000000
12.500;1.795299;1.909335;-0.222621;0.974905;0.000000
12.550;1.926630;2.626622;-0.348372;0.937356;0.000000
12.600;2.092444;3.316282;-0.498309;0.866999;0.000000
12.650;2.290153;3.954176;-0.658901;0.752230;0.000000
12.700;2.515534;4.507629;-0.810343;0.585955;0.000000
12.750;2.762472;4.938746;-0.928990;0.370104;0.000000
12.800;3.023024;5.211050;-0.992979;0.118291;0.000000
12.850;3.287928;5.298083;-0.989312;-0.145814;0.000000
12.900;3.547468;5.190800;-0.918757;-0.394823;0.000000
12.950;3.792484;4.900309;-0.795544;-0.605896;0.000000
13.000;4.015210;4.454521;-0.642058;-0.766656;0.000000
13.050;4.209732;3.890454;-0.481755;-0.876306;0.000000
13.100;4.372018;3.245712;-0.333837;-0.942631;0.000000
13.150;4.499627;2.552171;-0.211161;-0.977451;0.000000
13.200;4.591277;1.833011;-0.120816;-0.992675;0.000000
13.250;4.646410;1.102651;-0.065931;-0.997824;0.000000
13.300;4.664835;0.368502;-0.047536;-0.998870;0.000000
13.350;4.646514;-0.366417;-0.065827;-0.997831;0.000000
13.400;4.591485;-1.100571;-0.120609;-0.992700;0.000000
13.450;4.499938;-1.830950;-0.210856;-0.977517;0.000000
13.500;4.372430;-2.550158;-0.333448;-0.942768;0.000000
13.550;4.210240;-3.243800;-0.481310;-0.876550;0.000000
13.600;4.015804;-3.888722;-0.641602;-0.767038;0.000000
13.650;3.793150;-4.453070;-0.795140;-0.606426;0.000000
13.700;3.548188;-4.899248;-0.918473;-0.395485;0.000000
13.750;3.288677;-5.190225;-0.989203;-0.146554;0.000000
13.800;3.023774;-5.298053;-0.993067;0.117546;0.000000
13.850;2.763196;-5.211568;-0.929258;0.369431;0.000000
13.900;2.516208;-4.939759;-0.810738;0.585409;0.000000
13.950;2.290756;-4.509044;-0.659354;0.751833;0.000000
14.000;2.092961;-3.955884;-0.498758;0.866741;0.000000
14.050;1.927052;-3.318178;-0.348768;0.937209;0.000000
14.100;1.795621;-2.628627;-0.222936;0.974833;0.000000
14.150;1.700052;-1.911393;-0.128896;0.991658;0.000000
14.200;1.640962;-1.181781;-0.070109;0.997539;0.000000
14.250;1.618570;-0.447841;-0.047756;0.998859;0.000000
14.300;1.632924;0.287069;-0.062088;0.998071;0.000000
14.350;1.683994;1.021400;-0.112956;0.993600;0.000000
14.400;1.771616;1.752441;-0.199472;0.979903;0.000000
14.450;1.895286;2.473405;-0.318825;0.947814;0.000000
14.500;2.053824;3.170759;-0.464463;0.885593;0.000000
14.550;2.244941;3.822334;-0.624229;0.781241;0.000000
14.600;2.464797;4.397132;-0.779584;0.626298;0.000000
14.650;2.707694;4.857931;-0.907334;0.420411;0.000000
14.700;2.966056;5.167248;-0.984633;0.174636;0.000000
14.750;3.230843;5.295737;-0.996020;-0.089132;0.000000
14.800;3.492351;5.230158;-0.939112;-0.343610;0.000000
14.850;3.741218;4.977347;-0.825547;-0.564334;0.000000
14.900;3.969325;4.562139;-0.676547;-0.736399;0.000000
14.950;4.170342;4.020333;-0.515891;-0.856654;0.000000
15.000;4.339844;3.390049;-0.363987;-0.931404;0.000000
15.050;4.475083;2.704769;-0.235085;-0.971975;0.000000
15.100;4.574565;1.989638;-0.137388;-0.990517;0.000000
15.150;4.637608;1.260865;-0.074711;-0.997205;0.000000
15.200;4.663967;0.527171;-0.048403;-0.998828;0.000000
15.250;4.653581;-0.207716;-0.058774;-0.998271;0.000000
15.300;4.606471;-0.942194;-0.105720;-0.994396;0.000000
15.350;4.522780;-1.673821;-0.188475;-0.982078;0.000000
15.400;4.402961;-2.396385;-0.304514;-0.952508;0.000000
15.450;4.248101;-3.097193;-0.447786;-0.894141;0.000000
15.500;4.060348;-3.755057;-0.606810;-0.794847;0.000000
15.550;3.843355;-4.339865;-0.763706;-0.645565;0.000000
15.600;3.602613;-4.814839;-0.895599;-0.444862;0.000000
15.650;3.345506;-5.142147;-0.979282;-0.202503;0.000000
15.700;3.080949;-5.291138;-0.998162;0.060607;0.000000
15.750;2.818621;-5.246547;-0.948297;0.317386;0.000000
15.800;2.567970;-5.013031;-0.839940;0.542679;0.000000
15.850;2.337282;-4.613755;-0.693608;0.720353;0.000000
15.900;2.133094;-4.083755;-0.533132;0.846032;0.000000
15.950;1.960030;-3.461287;-0.379480;0.925200;0.000000
16.000;1.821001;-2.780571;-0.247603;0.968862;0.000000
16.050;1.717615;-2.067731;-0.146292;0.989241;0.000000
16.100;1.650620;-1.339897;-0.079739;0.996816;0.000000
16.150;1.620296;-0.606490;-0.049479;0.998775;0.000000
16.200;1.626714;0.128359;-0.055888;0.998437;0.000000
16.250;1.669861;0.862959;-0.098903;0.995097;0.000000
16.300;1.749617;1.595102;-0.177869;0.984054;0.000000
16.350;1.865573;2.319120;-0.290526;0.956867;0.000000
16.400;2.016729;3.023135;-0.431300;0.902209;0.000000
16.450;2.201076;3.686935;-0.589371;0.807863;0.000000
16.500;2.415142;4.281320;-0.747537;0.664221;0.000000
16.550;2.653643;4.770020;-0.883296;0.468816;0.000000
16.600;2.909391;5.114951;-0.973162;0.230121;0.000000
16.650;3.173604;5.284263;-0.999488;-0.032006;0.000000
16.700;3.436640;5.260715;-0.956789;-0.290785;0.000000
16.750;3.688978;5.046770;-0.853888;-0.520456;0.000000
16.800;3.922170;4.663844;-0.710507;-0.703690;0.000000
16.850;4.129475;4.146104;-0.550459;-0.834862;0.000000
16.900;4.306068;3.531854;-0.395232;-0.918581;0.000000
16.950;4.448869;2.856008;-0.260481;-0.965479;0.000000
17.000;4.556151;2.145657;-0.155603;-0.987820;0.000000
17.050;4.627095;1.418869;-0.085191;-0.996365;0.000000
17.100;4.661385;0.685793;-0.050982;-0.998700;0.000000
17.150;4.658934;-0.049000;-0.053429;-0.998572;0.000000
17.200;4.619749;-0.783699;-0.092507;-0.995712;0.000000
17.250;4.543935;-1.516294;-0.167659;-0.985845;0.000000
17.300;4.431853;-2.241630;-0.276870;-0.960907;0.000000
17.350;4.284422;-2.948617;-0.415022;-0.909812;0.000000
17.400;4.103522;-3.618011;-0.571938;-0.820297;0.000000
17.450;3.892445;-4.221544;-0.731108;-0.682262;0.000000
17.500;3.656269;-4.723518;-0.870452;-0.492253;0.000000
17.550;3.401984;-5.085693;-0.966289;-0.257459;0.000000
17.600;3.138228;-5.275119;-0.999994;0.003364;0.000000
17.650;2.874596;-5.272644;-0.964568;0.263836;0.000000
17.700;2.620670;-5.078526;-0.867360;0.497681;0.000000
17.750;2.385052;-4.712358;-0.727215;0.686410;0.000000
17.800;2.174685;-4.207332;-0.567848;0.823134;0.000000
17.850;1.994600;-3.601711;-0.411230;0.911532;0.000000
17.900;1.848047;-2.931052;-0.273712;0.961812;0.000000
17.950;1.736877;-2.223399;-0.165318;0.986240;0.000000
18.000;1.661988;-1.497773;-0.091066;0.995845;0.000000
18.050;1.623735;-0.765080;-0.052913;0.998599;0.000000
18.100;1.622216;-0.030360;-0.051398;0.998678;0.000000
18.150;1.657437;0.704417;-0.086533;0.996249;0.000000
18.200;1.729308;1.437407;-0.157848;0.987463;0.000000
18.250;1.837504;2.163934;-0.263557;0.964644;0.000000
18.300;1.981188;2.873670;-0.398968;0.916965;0.000000
18.350;2.158604;3.548327;-0.554538;0.832158;0.000000
18.400;2.366634;4.160587;-0.714450;0.699687;0.000000
18.450;2.600403;4.675382;-0.857096;0.515156;0.000000
18.500;2.853123;5.054408;-0.958680;0.284485;0.000000
18.550;3.116309;5.263718;-0.999680;0.025281;0.000000
18.600;3.380425;5.282319;-0.971615;-0.236568;0.000000
18.650;3.635838;5.108263;-0.880327;-0.474368;0.000000
18.700;3.873801;4.759248;-0.743700;-0.668513;0.000000
18.750;4.087170;4.267389;-0.585275;-0.810835;0.000000
18.800;4.270711;3.670817;-0.427457;-0.904036;0.000000
18.850;4.420994;3.005673;-0.287288;-0.957844;0.000000
18.900;4.536041;2.300939;-0.175435;-0.984491;0.000000
18.950;4.614871;1.576600;-0.097363;-0.995249;0.000000
19.000;4.657089;0.844345;-0.055272;-0.998471;0.000000
19.050;4.662575;0.109720;-0.049794;-0.998760;0.000000
19.100;4.631319;-0.625117;-0.080981;-0.996716;0.000000
19.150;4.563396;-1.358451;-0.148442;-0.988921;0.000000
19.200;4.459094;-2.086049;-0.250595;-0.968092;0.000000
19.250;4.319178;-2.798323;-0.383157;-0.923683;0.000000
19.300;4.145282;-3.477923;-0.537195;-0.843458;0.000000
19.350;3.940357;-4.098497;-0.697593;-0.716494;0.000000
19.400;3.709074;-4.625659;-0.843258;-0.537510;0.000000
19.450;3.458017;-5.021131;-0.950354;-0.311171;0.000000
19.500;3.195514;-5.250075;-0.998547;-0.053895;0.000000
19.550;2.931027;-5.289728;-0.977913;0.209013;0.000000
19.600;2.674230;-5.135946;-0.892760;0.450534;0.000000
19.650;2.434006;-4.804466;-0.759933;0.650001;0.000000
19.700;2.217695;-4.326228;-0.602715;0.797957;0.000000
19.750;2.030738;-3.739131;-0.443896;0.896078;0.000000
19.800;1.876746;-3.079842;-0.301199;0.953561;0.000000
19.850;1.757833;-2.378259;-0.185948;0.982560;0.000000
19.900;1.675066;-1.655341;-0.104081;0.994569;0.000000
19.950;1.628887;-0.923587;-0.058058;0.998313;0.000000
20.000;1.619433;-0.189078;-0.048618;0.998817;0.000000
